   -9.223263    1.829771  -26.701766
   -3.027003    8.902465  -24.868433
    6.196260    7.072694  -23.035099
    9.223263   -1.829771  -21.201766
    3.027003   -8.902465  -19.368433
   -6.196260   -7.072694  -17.535099
   -7.391022    1.829771  -10.460217
   -1.108236    8.902465  -11.970634
    7.796010    7.072694  -14.994552
   11.334138   -1.829771  -14.920340
    6.884686   -8.902465  -10.234497
   -0.186227   -7.072694   -4.035152
    2.316520    1.829771    2.689256
    7.002363    8.902465   -1.760196
   13.201708    7.072694   -8.831110
   16.302923   -1.829771  -10.535904
   14.792505   -8.902465   -4.253119
   11.768587   -7.072694    4.651128
   17.298234    1.829771    9.223263
   19.131567    8.902465    3.027003
   20.964901    7.072694   -6.196260
   22.798234   -1.829771   -9.223263
   24.631567   -8.902465   -3.027003
   26.464901   -7.072694    6.196260