#number of energy bins
1481
# energy of electrons(eV),  recombination probability,  thermalization rms displacement (nm)
0	                0.248454545454545	0.381818181818182
0.0050000000000000	0.247690909090909	0.396363636363636
0.0100000000000000	0.246927272727273	0.410909090909091
0.0150000000000000	0.246163636363636	0.425454545454545
0.0200000000000000	0.245400000000000	0.440000000000000
0.0250000000000000	0.244636363636364	0.454545454545454
0.0300000000000000	0.243872727272727	0.469090909090909
0.0350000000000000	0.243109090909091	0.483636363636364
0.0400000000000000	0.242345454545455	0.498181818181818
0.0450000000000000	0.241581818181818	0.512727272727273
0.0500000000000000	0.240818181818182	0.527272727272727
0.0550000000000000	0.240054545454545	0.541818181818182
0.0600000000000000	0.239290909090909	0.556363636363636
0.0650000000000000	0.238527272727273	0.570909090909091
0.0700000000000000	0.237763636363636	0.585454545454545
0.0750000000000000	0.237000000000000	0.600000000000000
0.0800000000000000	0.236236363636364	0.614545454545454
0.0850000000000000	0.235472727272727	0.629090909090909
0.0900000000000000	0.234709090909091	0.643636363636364
0.0950000000000000	0.233945454545455	0.658181818181818
0.100000000000000	0.233181818181818	0.672727272727273
0.105000000000000	0.232418181818182	0.687272727272727
0.110000000000000	0.231654545454545	0.701818181818182
0.115000000000000	0.230890909090909	0.716363636363636
0.120000000000000	0.230127272727273	0.730909090909091
0.125000000000000	0.229363636363636	0.745454545454545
0.130000000000000	0.228600000000000	0.760000000000000
0.135000000000000	0.227836363636364	0.774545454545454
0.140000000000000	0.227072727272727	0.789090909090909
0.145000000000000	0.226309090909091	0.803636363636364
0.150000000000000	0.225545454545455	0.818181818181818
0.155000000000000	0.224781818181818	0.832727272727273
0.160000000000000	0.224018181818182	0.847272727272727
0.165000000000000	0.223254545454545	0.861818181818182
0.170000000000000	0.222490909090909	0.876363636363636
0.175000000000000	0.221727272727273	0.890909090909091
0.180000000000000	0.220963636363636	0.905454545454545
0.185000000000000	0.220200000000000	0.920000000000000
0.190000000000000	0.219436363636364	0.934545454545455
0.195000000000000	0.218672727272727	0.949090909090909
0.200000000000000	0.217909090909091	0.963636363636364
0.205000000000000	0.217145454545455	0.978181818181818
0.210000000000000	0.216381818181818	0.992727272727273
0.215000000000000	0.215618181818182	1.00727272727273
0.220000000000000	0.214854545454545	1.02181818181818
0.225000000000000	0.214090909090909	1.03636363636364
0.230000000000000	0.213327272727273	1.05090909090909
0.235000000000000	0.212563636363636	1.06545454545455
0.240000000000000	0.211800000000000	1.08000000000000
0.245000000000000	0.211036363636364	1.09454545454545
0.250000000000000	0.210272727272727	1.10909090909091
0.255000000000000	0.209509090909091	1.12363636363636
0.260000000000000	0.208745454545455	1.13818181818182
0.265000000000000	0.207981818181818	1.15272727272727
0.270000000000000	0.207218181818182	1.16727272727273
0.275000000000000	0.206454545454545	1.18181818181818
0.280000000000000	0.205690909090909	1.19636363636364
0.285000000000000	0.204927272727273	1.21090909090909
0.290000000000000	0.204163636363636	1.22545454545455
0.295000000000000	0.203400000000000	1.24000000000000
0.300000000000000	0.202636363636364	1.25454545454545
0.305000000000000	0.201872727272727	1.26909090909091
0.310000000000000	0.201109090909091	1.28363636363636
0.315000000000000	0.200345454545455	1.29818181818182
0.320000000000000	0.199581818181818	1.31272727272727
0.325000000000000	0.198818181818182	1.32727272727273
0.330000000000000	0.198054545454545	1.34181818181818
0.335000000000000	0.197290909090909	1.35636363636364
0.340000000000000	0.196527272727273	1.37090909090909
0.345000000000000	0.195763636363636	1.38545454545455
0.350000000000000	0.195000000000000	1.40000000000000
0.355000000000000	0.194236363636364	1.41454545454545
0.360000000000000	0.193472727272727	1.42909090909091
0.365000000000000	0.192709090909091	1.44363636363636
0.370000000000000	0.191945454545455	1.45818181818182
0.375000000000000	0.191181818181818	1.47272727272727
0.380000000000000	0.190418181818182	1.48727272727273
0.385000000000000	0.189654545454545	1.50181818181818
0.390000000000000	0.188890909090909	1.51636363636364
0.395000000000000	0.188127272727273	1.53090909090909
0.400000000000000	0.187363636363636	1.54545454545455
0.405000000000000	0.186600000000000	1.56000000000000
0.410000000000000	0.185836363636364	1.57454545454545
0.415000000000000	0.185072727272727	1.58909090909091
0.420000000000000	0.184309090909091	1.60363636363636
0.425000000000000	0.183545454545455	1.61818181818182
0.430000000000000	0.182781818181818	1.63272727272727
0.435000000000000	0.182018181818182	1.64727272727273
0.440000000000000	0.181254545454545	1.66181818181818
0.445000000000000	0.180490909090909	1.67636363636364
0.450000000000000	0.179727272727273	1.69090909090909
0.455000000000000	0.178963636363636	1.70545454545455
0.460000000000000	0.178200000000000	1.72000000000000
0.465000000000000	0.177436363636364	1.73454545454545
0.470000000000000	0.176672727272727	1.74909090909091
0.475000000000000	0.175909090909091	1.76363636363636
0.480000000000000	0.175145454545455	1.77818181818182
0.485000000000000	0.174381818181818	1.79272727272727
0.490000000000000	0.173618181818182	1.80727272727273
0.495000000000000	0.172854545454545	1.82181818181818
0.500000000000000	0.172090909090909	1.83636363636364
0.505000000000000	0.171327272727273	1.85090909090909
0.510000000000000	0.170563636363636	1.86545454545455
0.515000000000000	0.169800000000000	1.88000000000000
0.520000000000000	0.169036363636364	1.89454545454545
0.525000000000000	0.168272727272727	1.90909090909091
0.530000000000000	0.167509090909091	1.92363636363636
0.535000000000000	0.166745454545455	1.93818181818182
0.540000000000000	0.165981818181818	1.95272727272727
0.545000000000000	0.165218181818182	1.96727272727273
0.550000000000000	0.164454545454545	1.98181818181818
0.555000000000000	0.163690909090909	1.99636363636364
0.560000000000000	0.162927272727273	2.01090909090909
0.565000000000000	0.162163636363636	2.02545454545455
0.570000000000000	0.161400000000000	2.04000000000000
0.575000000000000	0.160636363636364	2.05454545454546
0.580000000000000	0.159872727272727	2.06909090909091
0.585000000000000	0.159109090909091	2.08363636363636
0.590000000000000	0.158345454545455	2.09818181818182
0.595000000000000	0.157581818181818	2.11272727272727
0.600000000000000	0.156818181818182	2.12727272727273
0.605000000000000	0.156054545454545	2.14181818181818
0.610000000000000	0.155290909090909	2.15636363636364
0.615000000000000	0.154527272727273	2.17090909090909
0.620000000000000	0.153763636363636	2.18545454545455
0.625000000000000	0.153000000000000	2.20000000000000
0.630000000000000	0.152240000000000	2.21200000000000
0.635000000000000	0.151480000000000	2.22400000000000
0.640000000000000	0.150720000000000	2.23600000000000
0.645000000000000	0.149960000000000	2.24800000000000
0.650000000000000	0.149200000000000	2.26000000000000
0.655000000000000	0.148440000000000	2.27200000000000
0.660000000000000	0.147680000000000	2.28400000000000
0.665000000000000	0.146920000000000	2.29600000000000
0.670000000000000	0.146160000000000	2.30800000000000
0.675000000000000	0.145400000000000	2.32000000000000
0.680000000000000	0.144640000000000	2.33200000000000
0.685000000000000	0.143880000000000	2.34400000000000
0.690000000000000	0.143120000000000	2.35600000000000
0.695000000000000	0.142360000000000	2.36800000000000
0.700000000000000	0.141600000000000	2.38000000000000
0.705000000000000	0.140840000000000	2.39200000000000
0.710000000000000	0.140080000000000	2.40400000000000
0.715000000000000	0.139320000000000	2.41600000000000
0.720000000000000	0.138560000000000	2.42800000000000
0.725000000000000	0.137800000000000	2.44000000000000
0.730000000000000	0.137040000000000	2.45200000000000
0.735000000000000	0.136280000000000	2.46400000000000
0.740000000000000	0.135520000000000	2.47600000000000
0.745000000000000	0.134760000000000	2.48800000000000
0.750000000000000	0.134000000000000	2.50000000000000
0.755000000000000	0.133240000000000	2.51200000000000
0.760000000000000	0.132480000000000	2.52400000000000
0.765000000000000	0.131720000000000	2.53600000000000
0.770000000000000	0.130960000000000	2.54800000000000
0.775000000000000	0.130200000000000	2.56000000000000
0.780000000000000	0.129440000000000	2.57200000000000
0.785000000000000	0.128680000000000	2.58400000000000
0.790000000000000	0.127920000000000	2.59600000000000
0.795000000000000	0.127160000000000	2.60800000000000
0.800000000000000	0.126400000000000	2.62000000000000
0.805000000000000	0.125640000000000	2.63200000000000
0.810000000000000	0.124880000000000	2.64400000000000
0.815000000000000	0.124120000000000	2.65600000000000
0.820000000000000	0.123360000000000	2.66800000000000
0.825000000000000	0.122600000000000	2.68000000000000
0.830000000000000	0.121840000000000	2.69200000000000
0.835000000000000	0.121080000000000	2.70400000000000
0.840000000000000	0.120320000000000	2.71600000000000
0.845000000000000	0.119560000000000	2.72800000000000
0.850000000000000	0.118800000000000	2.74000000000000
0.855000000000000	0.118040000000000	2.75200000000000
0.860000000000000	0.117280000000000	2.76400000000000
0.865000000000000	0.116520000000000	2.77600000000000
0.870000000000000	0.115760000000000	2.78800000000000
0.875000000000000	0.115000000000000	2.80000000000000
0.880000000000000	0.114240000000000	2.81200000000000
0.885000000000000	0.113480000000000	2.82400000000000
0.890000000000000	0.112720000000000	2.83600000000000
0.895000000000000	0.111960000000000	2.84800000000000
0.900000000000000	0.111200000000000	2.86000000000000
0.905000000000000	0.110440000000000	2.87200000000000
0.910000000000000	0.109680000000000	2.88400000000000
0.915000000000000	0.108920000000000	2.89600000000000
0.920000000000000	0.108160000000000	2.90800000000000
0.925000000000000	0.107400000000000	2.92000000000000
0.930000000000000	0.106640000000000	2.93200000000000
0.935000000000000	0.105880000000000	2.94400000000000
0.940000000000000	0.105120000000000	2.95600000000000
0.945000000000000	0.104360000000000	2.96800000000000
0.950000000000000	0.103600000000000	2.98000000000000
0.955000000000000	0.102840000000000	2.99200000000000
0.960000000000000	0.102080000000000	3.00400000000000
0.965000000000000	0.101320000000000	3.01600000000000
0.970000000000000	0.100560000000000	3.02800000000000
0.975000000000000	0.0998000000000000	3.04000000000000
0.980000000000000	0.0990400000000000	3.05200000000000
0.985000000000000	0.0982800000000000	3.06400000000000
0.990000000000000	0.0975200000000000	3.07600000000000
0.995000000000000	0.0967600000000000	3.08800000000000
1	                0.0960000000000000	3.10000000000000
1.00500000000000	0.0954700000000000	3.11400000000000
1.01000000000000	0.0949400000000000	3.12800000000000
1.01500000000000	0.0944100000000000	3.14200000000000
1.02000000000000	0.0938800000000000	3.15600000000000
1.02500000000000	0.0933500000000000	3.17000000000000
1.03000000000000	0.0928200000000000	3.18400000000000
1.03500000000000	0.0922900000000000	3.19800000000000
1.04000000000000	0.0917600000000000	3.21200000000000
1.04500000000000	0.0912300000000000	3.22600000000000
1.05000000000000	0.0907000000000000	3.24000000000000
1.05500000000000	0.0901700000000000	3.25400000000000
1.06000000000000	0.0896400000000000	3.26800000000000
1.06500000000000	0.0891100000000000	3.28200000000000
1.07000000000000	0.0885800000000000	3.29600000000000
1.07500000000000	0.0880500000000000	3.31000000000000
1.08000000000000	0.0875200000000000	3.32400000000000
1.08500000000000	0.0869900000000000	3.33800000000000
1.09000000000000	0.0864600000000000	3.35200000000000
1.09500000000000	0.0859300000000000	3.36600000000000
1.10000000000000	0.0854000000000000	3.38000000000000
1.10500000000000	0.0848700000000000	3.39400000000000
1.11000000000000	0.0843400000000000	3.40800000000000
1.11500000000000	0.0838100000000000	3.42200000000000
1.12000000000000	0.0832800000000000	3.43600000000000
1.12500000000000	0.0827500000000000	3.45000000000000
1.13000000000000	0.0822200000000000	3.46400000000000
1.13500000000000	0.0816900000000000	3.47800000000000
1.14000000000000	0.0811600000000000	3.49200000000000
1.14500000000000	0.0806300000000000	3.50600000000000
1.15000000000000	0.0801000000000000	3.52000000000000
1.15500000000000	0.0795700000000000	3.53400000000000
1.16000000000000	0.0790400000000000	3.54800000000000
1.16500000000000	0.0785100000000000	3.56200000000000
1.17000000000000	0.0779800000000000	3.57600000000000
1.17500000000000	0.0774500000000000	3.59000000000000
1.18000000000000	0.0769200000000000	3.60400000000000
1.18500000000000	0.0763900000000000	3.61800000000000
1.19000000000000	0.0758600000000000	3.63200000000000
1.19500000000000	0.0753300000000000	3.64600000000000
1.20000000000000	0.0748000000000000	3.66000000000000
1.20500000000000	0.0742700000000000	3.67400000000000
1.21000000000000	0.0737400000000000	3.68800000000000
1.21500000000000	0.0732100000000000	3.70200000000000
1.22000000000000	0.0726800000000000	3.71600000000000
1.22500000000000	0.0721500000000000	3.73000000000000
1.23000000000000	0.0716200000000000	3.74400000000000
1.23500000000000	0.0710900000000000	3.75800000000000
1.24000000000000	0.0705600000000000	3.77200000000000
1.24500000000000	0.0700300000000000	3.78600000000000
1.25000000000000	0.0695000000000000	3.80000000000000
1.25500000000000	0.0689700000000000	3.81400000000000
1.26000000000000	0.0684400000000000	3.82800000000000
1.26500000000000	0.0679100000000000	3.84200000000000
1.27000000000000	0.0673800000000000	3.85600000000000
1.27500000000000	0.0668500000000000	3.87000000000000
1.28000000000000	0.0663200000000000	3.88400000000000
1.28500000000000	0.0657900000000000	3.89800000000000
1.29000000000000	0.0652600000000000	3.91200000000000
1.29500000000000	0.0647300000000000	3.92600000000000
1.30000000000000	0.0642000000000000	3.94000000000000
1.30500000000000	0.0636700000000000	3.95400000000000
1.31000000000000	0.0631400000000000	3.96800000000000
1.31500000000000	0.0626100000000000	3.98200000000000
1.32000000000000	0.0620800000000000	3.99600000000000
1.32500000000000	0.0615500000000000	4.01000000000000
1.33000000000000	0.0610200000000000	4.02400000000000
1.33500000000000	0.0604900000000000	4.03800000000000
1.34000000000000	0.0599600000000000	4.05200000000000
1.34500000000000	0.0594300000000000	4.06600000000000
1.35000000000000	0.0589000000000000	4.08000000000000
1.35500000000000	0.0583700000000000	4.09400000000000
1.36000000000000	0.0578400000000000	4.10800000000000
1.36500000000000	0.0573100000000000	4.12200000000000
1.37000000000000	0.0567800000000000	4.13600000000000
1.37500000000000	0.0562500000000000	4.15000000000000
1.38000000000000	0.0557200000000000	4.16400000000000
1.38500000000000	0.0551900000000000	4.17800000000000
1.39000000000000	0.0546600000000000	4.19200000000000
1.39500000000000	0.0541300000000000	4.20600000000000
1.40000000000000	0.0536000000000000	4.22000000000000
1.40500000000000	0.0530700000000000	4.23400000000000
1.41000000000000	0.0525400000000000	4.24800000000000
1.41500000000000	0.0520100000000000	4.26200000000000
1.42000000000000	0.0514800000000000	4.27600000000000
1.42500000000000	0.0509500000000000	4.29000000000000
1.43000000000000	0.0504200000000000	4.30400000000000
1.43500000000000	0.0498900000000000	4.31800000000000
1.44000000000000	0.0493600000000000	4.33200000000000
1.44500000000000	0.0488300000000000	4.34600000000000
1.45000000000000	0.0483000000000000	4.36000000000000
1.45500000000000	0.0477700000000000	4.37400000000000
1.46000000000000	0.0472400000000000	4.38800000000000
1.46500000000000	0.0467100000000000	4.40200000000000
1.47000000000000	0.0461800000000000	4.41600000000000
1.47500000000000	0.0456500000000000	4.43000000000000
1.48000000000000	0.0451200000000000	4.44400000000000
1.48500000000000	0.0445900000000000	4.45800000000000
1.49000000000000	0.0440600000000000	4.47200000000000
1.49500000000000	0.0435300000000000	4.48600000000000
1.50000000000000	0.0430000000000000	4.50000000000000
1.50500000000000	0.0427700000000000	4.51900000000000
1.51000000000000	0.0425400000000000	4.53800000000000
1.51500000000000	0.0423100000000000	4.55700000000000
1.52000000000000	0.0420800000000000	4.57600000000000
1.52500000000000	0.0418500000000000	4.59500000000000
1.53000000000000	0.0416200000000000	4.61400000000000
1.53500000000000	0.0413900000000000	4.63300000000000
1.54000000000000	0.0411600000000000	4.65200000000000
1.54500000000000	0.0409300000000000	4.67100000000000
1.55000000000000	0.0407000000000000	4.69000000000000
1.55500000000000	0.0404700000000000	4.70900000000000
1.56000000000000	0.0402400000000000	4.72800000000000
1.56500000000000	0.0400100000000000	4.74700000000000
1.57000000000000	0.0397800000000000	4.76600000000000
1.57500000000000	0.0395500000000000	4.78500000000000
1.58000000000000	0.0393200000000000	4.80400000000000
1.58500000000000	0.0390900000000000	4.82300000000000
1.59000000000000	0.0388600000000000	4.84200000000000
1.59500000000000	0.0386300000000000	4.86100000000000
1.60000000000000	0.0384000000000000	4.88000000000000
1.60500000000000	0.0381700000000000	4.89900000000000
1.61000000000000	0.0379400000000000	4.91800000000000
1.61500000000000	0.0377100000000000	4.93700000000000
1.62000000000000	0.0374800000000000	4.95600000000000
1.62500000000000	0.0372500000000000	4.97500000000000
1.63000000000000	0.0370200000000000	4.99400000000000
1.63500000000000	0.0367900000000000	5.01300000000000
1.64000000000000	0.0365600000000000	5.03200000000000
1.64500000000000	0.0363300000000000	5.05100000000000
1.65000000000000	0.0361000000000000	5.07000000000000
1.65500000000000	0.0358700000000000	5.08900000000000
1.66000000000000	0.0356400000000000	5.10800000000000
1.66500000000000	0.0354100000000000	5.12700000000000
1.67000000000000	0.0351800000000000	5.14600000000000
1.67500000000000	0.0349500000000000	5.16500000000000
1.68000000000000	0.0347200000000000	5.18400000000000
1.68500000000000	0.0344900000000000	5.20300000000000
1.69000000000000	0.0342600000000000	5.22200000000000
1.69500000000000	0.0340300000000000	5.24100000000000
1.70000000000000	0.0338000000000000	5.26000000000000
1.70500000000000	0.0335700000000000	5.27900000000000
1.71000000000000	0.0333400000000000	5.29800000000000
1.71500000000000	0.0331100000000000	5.31700000000000
1.72000000000000	0.0328800000000000	5.33600000000000
1.72500000000000	0.0326500000000000	5.35500000000000
1.73000000000000	0.0324200000000000	5.37400000000000
1.73500000000000	0.0321900000000000	5.39300000000000
1.74000000000000	0.0319600000000000	5.41200000000000
1.74500000000000	0.0317300000000000	5.43100000000000
1.75000000000000	0.0315000000000000	5.45000000000000
1.75500000000000	0.0312700000000000	5.46900000000000
1.76000000000000	0.0310400000000000	5.48800000000000
1.76500000000000	0.0308100000000000	5.50700000000000
1.77000000000000	0.0305800000000000	5.52600000000000
1.77500000000000	0.0303500000000000	5.54500000000000
1.78000000000000	0.0301200000000000	5.56400000000000
1.78500000000000	0.0298900000000000	5.58300000000000
1.79000000000000	0.0296600000000000	5.60200000000000
1.79500000000000	0.0294300000000000	5.62100000000000
1.80000000000000	0.0292000000000000	5.64000000000000
1.80500000000000	0.0289700000000000	5.65900000000000
1.81000000000000	0.0287400000000000	5.67800000000000
1.81500000000000	0.0285100000000000	5.69700000000000
1.82000000000000	0.0282800000000000	5.71600000000000
1.82500000000000	0.0280500000000000	5.73500000000000
1.83000000000000	0.0278200000000000	5.75400000000000
1.83500000000000	0.0275900000000000	5.77300000000000
1.84000000000000	0.0273600000000000	5.79200000000000
1.84500000000000	0.0271300000000000	5.81100000000000
1.85000000000000	0.0269000000000000	5.83000000000000
1.85500000000000	0.0266700000000000	5.84900000000000
1.86000000000000	0.0264400000000000	5.86800000000000
1.86500000000000	0.0262100000000000	5.88700000000000
1.87000000000000	0.0259800000000000	5.90600000000000
1.87500000000000	0.0257500000000000	5.92500000000000
1.88000000000000	0.0255200000000000	5.94400000000000
1.88500000000000	0.0252900000000000	5.96300000000000
1.89000000000000	0.0250600000000000	5.98200000000000
1.89500000000000	0.0248300000000000	6.00100000000000
1.90000000000000	0.0246000000000000	6.02000000000000
1.90500000000000	0.0243700000000000	6.03900000000000
1.91000000000000	0.0241400000000000	6.05800000000000
1.91500000000000	0.0239100000000000	6.07700000000000
1.92000000000000	0.0236800000000000	6.09600000000000
1.92500000000000	0.0234500000000000	6.11500000000000
1.93000000000000	0.0232200000000000	6.13400000000000
1.93500000000000	0.0229900000000000	6.15300000000000
1.94000000000000	0.0227600000000000	6.17200000000000
1.94500000000000	0.0225300000000000	6.19100000000000
1.95000000000000	0.0223000000000000	6.21000000000000
1.95500000000000	0.0220700000000000	6.22900000000000
1.96000000000000	0.0218400000000000	6.24800000000000
1.96500000000000	0.0216100000000000	6.26700000000000
1.97000000000000	0.0213800000000000	6.28600000000000
1.97500000000000	0.0211500000000000	6.30500000000000
1.98000000000000	0.0209200000000000	6.32400000000000
1.98500000000000	0.0206900000000000	6.34300000000000
1.99000000000000	0.0204600000000000	6.36200000000000
1.99500000000000	0.0202300000000000	6.38100000000000
2	                0.0200000000000000	6.40000000000000
2.00500000000000	0.0198700000000000	6.43400000000000
2.01000000000000	0.0197400000000000	6.46800000000000
2.01500000000000	0.0196100000000000	6.50200000000000
2.02000000000000	0.0194800000000000	6.53600000000000
2.02500000000000	0.0193500000000000	6.57000000000000
2.03000000000000	0.0192200000000000	6.60400000000000
2.03500000000000	0.0190900000000000	6.63800000000000
2.04000000000000	0.0189600000000000	6.67200000000000
2.04500000000000	0.0188300000000000	6.70600000000000
2.05000000000000	0.0187000000000000	6.74000000000000
2.05500000000000	0.0185700000000000	6.77400000000000
2.06000000000000	0.0184400000000000	6.80800000000000
2.06500000000000	0.0183100000000000	6.84200000000000
2.07000000000000	0.0181800000000000	6.87600000000000
2.07500000000000	0.0180500000000000	6.91000000000000
2.08000000000000	0.0179200000000000	6.94400000000000
2.08500000000000	0.0177900000000000	6.97800000000000
2.09000000000000	0.0176600000000000	7.01200000000000
2.09500000000000	0.0175300000000000	7.04600000000000
2.10000000000000	0.0174000000000000	7.08000000000000
2.10500000000000	0.0172700000000000	7.11400000000000
2.11000000000000	0.0171400000000000	7.14800000000000
2.11500000000000	0.0170100000000000	7.18200000000000
2.12000000000000	0.0168800000000000	7.21600000000000
2.12500000000000	0.0167500000000000	7.25000000000000
2.13000000000000	0.0166200000000000	7.28400000000000
2.13500000000000	0.0164900000000000	7.31800000000000
2.14000000000000	0.0163600000000000	7.35200000000000
2.14500000000000	0.0162300000000000	7.38600000000000
2.15000000000000	0.0161000000000000	7.42000000000000
2.15500000000000	0.0159700000000000	7.45400000000000
2.16000000000000	0.0158400000000000	7.48800000000000
2.16500000000000	0.0157100000000000	7.52200000000000
2.17000000000000	0.0155800000000000	7.55600000000000
2.17500000000000	0.0154500000000000	7.59000000000000
2.18000000000000	0.0153200000000000	7.62400000000000
2.18500000000000	0.0151900000000000	7.65800000000000
2.19000000000000	0.0150600000000000	7.69200000000000
2.19500000000000	0.0149300000000000	7.72600000000000
2.20000000000000	0.0148000000000000	7.76000000000000
2.20500000000000	0.0146700000000000	7.79400000000000
2.21000000000000	0.0145400000000000	7.82800000000000
2.21500000000000	0.0144100000000000	7.86200000000000
2.22000000000000	0.0142800000000000	7.89600000000000
2.22500000000000	0.0141500000000000	7.93000000000000
2.23000000000000	0.0140200000000000	7.96400000000000
2.23500000000000	0.0138900000000000	7.99800000000000
2.24000000000000	0.0137600000000000	8.03200000000000
2.24500000000000	0.0136300000000000	8.06600000000000
2.25000000000000	0.0135000000000000	8.10000000000000
2.25500000000000	0.0133700000000000	8.13400000000000
2.26000000000000	0.0132400000000000	8.16800000000000
2.26500000000000	0.0131100000000000	8.20200000000000
2.27000000000000	0.0129800000000000	8.23600000000000
2.27500000000000	0.0128500000000000	8.27000000000000
2.28000000000000	0.0127200000000000	8.30400000000000
2.28500000000000	0.0125900000000000	8.33800000000000
2.29000000000000	0.0124600000000000	8.37200000000000
2.29500000000000	0.0123300000000000	8.40600000000000
2.30000000000000	0.0122000000000000	8.44000000000000
2.30500000000000	0.0120700000000000	8.47400000000000
2.31000000000000	0.0119400000000000	8.50800000000000
2.31500000000000	0.0118100000000000	8.54200000000000
2.32000000000000	0.0116800000000000	8.57600000000000
2.32500000000000	0.0115500000000000	8.61000000000000
2.33000000000000	0.0114200000000000	8.64400000000000
2.33500000000000	0.0112900000000000	8.67800000000000
2.34000000000000	0.0111600000000000	8.71200000000000
2.34500000000000	0.0110300000000000	8.74600000000000
2.35000000000000	0.0109000000000000	8.78000000000000
2.35500000000000	0.0107700000000000	8.81400000000000
2.36000000000000	0.0106400000000000	8.84800000000000
2.36500000000000	0.0105100000000000	8.88200000000000
2.37000000000000	0.0103800000000000	8.91600000000000
2.37500000000000	0.0102500000000000	8.95000000000000
2.38000000000000	0.0101200000000000	8.98400000000000
2.38500000000000	0.00999000000000000	9.01800000000000
2.39000000000000	0.00986000000000000	9.05200000000000
2.39500000000000	0.00973000000000000	9.08600000000000
2.40000000000000	0.00960000000000000	9.12000000000000
2.40500000000000	0.00946999999999999	9.15400000000000
2.41000000000000	0.00934000000000000	9.18800000000000
2.41500000000000	0.00921000000000000	9.22200000000000
2.42000000000000	0.00908000000000000	9.25600000000000
2.42500000000000	0.00894999999999999	9.29000000000000
2.43000000000000	0.00882000000000000	9.32400000000000
2.43500000000000	0.00869000000000000	9.35800000000000
2.44000000000000	0.00856000000000000	9.39200000000000
2.44500000000000	0.00843000000000000	9.42600000000000
2.45000000000000	0.00830000000000000	9.46000000000000
2.45500000000000	0.00817000000000000	9.49400000000000
2.46000000000000	0.00804000000000000	9.52800000000000
2.46500000000000	0.00791000000000000	9.56200000000000
2.47000000000000	0.00778000000000000	9.59600000000000
2.47500000000000	0.00765000000000000	9.63000000000000
2.48000000000000	0.00752000000000000	9.66400000000000
2.48500000000000	0.00739000000000000	9.69800000000000
2.49000000000000	0.00726000000000000	9.73200000000000
2.49500000000000	0.00713000000000000	9.76600000000000
2.50000000000000	0.00700000000000000	9.80000000000000
2.50500000000000	0.00697000000000000	9.84600000000000
2.51000000000000	0.00694000000000000	9.89200000000000
2.51500000000000	0.00691000000000000	9.93800000000000
2.52000000000000	0.00688000000000000	9.98400000000000
2.52500000000000	0.00685000000000000	10.0300000000000
2.53000000000000	0.00682000000000000	10.0760000000000
2.53500000000000	0.00679000000000000	10.1220000000000
2.54000000000000	0.00676000000000000	10.1680000000000
2.54500000000000	0.00673000000000000	10.2140000000000
2.55000000000000	0.00670000000000000	10.2600000000000
2.55500000000000	0.00667000000000000	10.3060000000000
2.56000000000000	0.00664000000000000	10.3520000000000
2.56500000000000	0.00661000000000000	10.3980000000000
2.57000000000000	0.00658000000000000	10.4440000000000
2.57500000000000	0.00655000000000000	10.4900000000000
2.58000000000000	0.00652000000000000	10.5360000000000
2.58500000000000	0.00649000000000000	10.5820000000000
2.59000000000000	0.00646000000000000	10.6280000000000
2.59500000000000	0.00643000000000000	10.6740000000000
2.60000000000000	0.00640000000000000	10.7200000000000
2.60500000000000	0.00637000000000000	10.7660000000000
2.61000000000000	0.00634000000000000	10.8120000000000
2.61500000000000	0.00631000000000000	10.8580000000000
2.62000000000000	0.00628000000000000	10.9040000000000
2.62500000000000	0.00625000000000000	10.9500000000000
2.63000000000000	0.00622000000000000	10.9960000000000
2.63500000000000	0.00619000000000000	11.0420000000000
2.64000000000000	0.00616000000000000	11.0880000000000
2.64500000000000	0.00613000000000000	11.1340000000000
2.65000000000000	0.00610000000000000	11.1800000000000
2.65500000000000	0.00607000000000000	11.2260000000000
2.66000000000000	0.00604000000000000	11.2720000000000
2.66500000000000	0.00601000000000000	11.3180000000000
2.67000000000000	0.00598000000000000	11.3640000000000
2.67500000000000	0.00595000000000000	11.4100000000000
2.68000000000000	0.00592000000000000	11.4560000000000
2.68500000000000	0.00589000000000000	11.5020000000000
2.69000000000000	0.00586000000000000	11.5480000000000
2.69500000000000	0.00583000000000000	11.5940000000000
2.70000000000000	0.00580000000000000	11.6400000000000
2.70500000000000	0.00577000000000000	11.6860000000000
2.71000000000000	0.00574000000000000	11.7320000000000
2.71500000000000	0.00571000000000000	11.7780000000000
2.72000000000000	0.00568000000000000	11.8240000000000
2.72500000000000	0.00565000000000000	11.8700000000000
2.73000000000000	0.00562000000000000	11.9160000000000
2.73500000000000	0.00559000000000000	11.9620000000000
2.74000000000000	0.00556000000000000	12.0080000000000
2.74500000000000	0.00553000000000000	12.0540000000000
2.75000000000000	0.00550000000000000	12.1000000000000
2.75500000000000	0.00547000000000000	12.1460000000000
2.76000000000000	0.00544000000000000	12.1920000000000
2.76500000000000	0.00541000000000000	12.2380000000000
2.77000000000000	0.00538000000000000	12.2840000000000
2.77500000000000	0.00535000000000000	12.3300000000000
2.78000000000000	0.00532000000000000	12.3760000000000
2.78500000000000	0.00529000000000000	12.4220000000000
2.79000000000000	0.00526000000000000	12.4680000000000
2.79500000000000	0.00523000000000000	12.5140000000000
2.80000000000000	0.00520000000000000	12.5600000000000
2.80500000000000	0.00517000000000000	12.6060000000000
2.81000000000000	0.00514000000000000	12.6520000000000
2.81500000000000	0.00511000000000000	12.6980000000000
2.82000000000000	0.00508000000000000	12.7440000000000
2.82500000000000	0.00505000000000000	12.7900000000000
2.83000000000000	0.00502000000000000	12.8360000000000
2.83500000000000	0.00499000000000000	12.8820000000000
2.84000000000000	0.00496000000000000	12.9280000000000
2.84500000000000	0.00493000000000000	12.9740000000000
2.85000000000000	0.00490000000000000	13.0200000000000
2.85500000000000	0.00487000000000000	13.0660000000000
2.86000000000000	0.00484000000000000	13.1120000000000
2.86500000000000	0.00481000000000000	13.1580000000000
2.87000000000000	0.00478000000000000	13.2040000000000
2.87500000000000	0.00475000000000000	13.2500000000000
2.88000000000000	0.00472000000000000	13.2960000000000
2.88500000000000	0.00469000000000000	13.3420000000000
2.89000000000000	0.00466000000000000	13.3880000000000
2.89500000000000	0.00463000000000000	13.4340000000000
2.90000000000000	0.00460000000000000	13.4800000000000
2.90500000000000	0.00457000000000000	13.5260000000000
2.91000000000000	0.00454000000000000	13.5720000000000
2.91500000000000	0.00451000000000000	13.6180000000000
2.92000000000000	0.00448000000000000	13.6640000000000
2.92500000000000	0.00445000000000000	13.7100000000000
2.93000000000000	0.00442000000000000	13.7560000000000
2.93500000000000	0.00439000000000000	13.8020000000000
2.94000000000000	0.00436000000000000	13.8480000000000
2.94500000000000	0.00433000000000000	13.8940000000000
2.95000000000000	0.00430000000000000	13.9400000000000
2.95500000000000	0.00427000000000000	13.9860000000000
2.96000000000000	0.00424000000000000	14.0320000000000
2.96500000000000	0.00421000000000000	14.0780000000000
2.97000000000000	0.00418000000000000	14.1240000000000
2.97500000000000	0.00415000000000000	14.1700000000000
2.98000000000000	0.00412000000000000	14.2160000000000
2.98500000000000	0.00409000000000000	14.2620000000000
2.99000000000000	0.00406000000000000	14.3080000000000
2.99500000000000	0.00403000000000000	14.3540000000000
3	                0.00400000000000000	14.4000000000000
3.00500000000000	0.00398000000000000	14.4410000000000
3.01000000000000	0.00396000000000000	14.4820000000000
3.01500000000000	0.00394000000000000	14.5230000000000
3.02000000000000	0.00392000000000000	14.5640000000000
3.02500000000000	0.00390000000000000	14.6050000000000
3.03000000000000	0.00388000000000000	14.6460000000000
3.03500000000000	0.00386000000000000	14.6870000000000
3.04000000000000	0.00384000000000000	14.7280000000000
3.04500000000000	0.00382000000000000	14.7690000000000
3.05000000000000	0.00380000000000000	14.8100000000000
3.05500000000000	0.00378000000000000	14.8510000000000
3.06000000000000	0.00376000000000000	14.8920000000000
3.06500000000000	0.00374000000000000	14.9330000000000
3.07000000000000	0.00372000000000000	14.9740000000000
3.07500000000000	0.00370000000000000	15.0150000000000
3.08000000000000	0.00368000000000000	15.0560000000000
3.08500000000000	0.00366000000000000	15.0970000000000
3.09000000000000	0.00364000000000000	15.1380000000000
3.09500000000000	0.00362000000000000	15.1790000000000
3.10000000000000	0.00360000000000000	15.2200000000000
3.10500000000000	0.00358000000000000	15.2610000000000
3.11000000000000	0.00356000000000000	15.3020000000000
3.11500000000000	0.00354000000000000	15.3430000000000
3.12000000000000	0.00352000000000000	15.3840000000000
3.12500000000000	0.00350000000000000	15.4250000000000
3.13000000000000	0.00348000000000000	15.4660000000000
3.13500000000000	0.00346000000000000	15.5070000000000
3.14000000000000	0.00344000000000000	15.5480000000000
3.14500000000000	0.00342000000000000	15.5890000000000
3.15000000000000	0.00340000000000000	15.6300000000000
3.15500000000000	0.00338000000000000	15.6710000000000
3.16000000000000	0.00336000000000000	15.7120000000000
3.16500000000000	0.00334000000000000	15.7530000000000
3.17000000000000	0.00332000000000000	15.7940000000000
3.17500000000000	0.00330000000000000	15.8350000000000
3.18000000000000	0.00328000000000000	15.8760000000000
3.18500000000000	0.00326000000000000	15.9170000000000
3.19000000000000	0.00324000000000000	15.9580000000000
3.19500000000000	0.00322000000000000	15.9990000000000
3.20000000000000	0.00320000000000000	16.0400000000000
3.20500000000000	0.00318000000000000	16.0810000000000
3.21000000000000	0.00316000000000000	16.1220000000000
3.21500000000000	0.00314000000000000	16.1630000000000
3.22000000000000	0.00312000000000000	16.2040000000000
3.22500000000000	0.00310000000000000	16.2450000000000
3.23000000000000	0.00308000000000000	16.2860000000000
3.23500000000000	0.00306000000000000	16.3270000000000
3.24000000000000	0.00304000000000000	16.3680000000000
3.24500000000000	0.00302000000000000	16.4090000000000
3.25000000000000	0.00300000000000000	16.4500000000000
3.25500000000000	0.00298000000000000	16.4910000000000
3.26000000000000	0.00296000000000000	16.5320000000000
3.26500000000000	0.00294000000000000	16.5730000000000
3.27000000000000	0.00292000000000000	16.6140000000000
3.27500000000000	0.00290000000000000	16.6550000000000
3.28000000000000	0.00288000000000000	16.6960000000000
3.28500000000000	0.00286000000000000	16.7370000000000
3.29000000000000	0.00284000000000000	16.7780000000000
3.29500000000000	0.00282000000000000	16.8190000000000
3.30000000000000	0.00280000000000000	16.8600000000000
3.30500000000000	0.00278000000000000	16.9010000000000
3.31000000000000	0.00276000000000000	16.9420000000000
3.31500000000000	0.00274000000000000	16.9830000000000
3.32000000000000	0.00272000000000000	17.0240000000000
3.32500000000000	0.00270000000000000	17.0650000000000
3.33000000000000	0.00268000000000000	17.1060000000000
3.33500000000000	0.00266000000000000	17.1470000000000
3.34000000000000	0.00264000000000000	17.1880000000000
3.34500000000000	0.00262000000000000	17.2290000000000
3.35000000000000	0.00260000000000000	17.2700000000000
3.35500000000000	0.00258000000000000	17.3110000000000
3.36000000000000	0.00256000000000000	17.3520000000000
3.36500000000000	0.00254000000000000	17.3930000000000
3.37000000000000	0.00252000000000000	17.4340000000000
3.37500000000000	0.00250000000000000	17.4750000000000
3.38000000000000	0.00248000000000000	17.5160000000000
3.38500000000000	0.00246000000000000	17.5570000000000
3.39000000000000	0.00244000000000000	17.5980000000000
3.39500000000000	0.00242000000000000	17.6390000000000
3.40000000000000	0.00240000000000000	17.6800000000000
3.40500000000000	0.00238000000000000	17.7210000000000
3.41000000000000	0.00236000000000000	17.7620000000000
3.41500000000000	0.00234000000000000	17.8030000000000
3.42000000000000	0.00232000000000000	17.8440000000000
3.42500000000000	0.00230000000000000	17.8850000000000
3.43000000000000	0.00228000000000000	17.9260000000000
3.43500000000000	0.00226000000000000	17.9670000000000
3.44000000000000	0.00224000000000000	18.0080000000000
3.44500000000000	0.00222000000000000	18.0490000000000
3.45000000000000	0.00220000000000000	18.0900000000000
3.45500000000000	0.00218000000000000	18.1310000000000
3.46000000000000	0.00216000000000000	18.1720000000000
3.46500000000000	0.00214000000000000	18.2130000000000
3.47000000000000	0.00212000000000000	18.2540000000000
3.47500000000000	0.00210000000000000	18.2950000000000
3.48000000000000	0.00208000000000000	18.3360000000000
3.48500000000000	0.00206000000000000	18.3770000000000
3.49000000000000	0.00204000000000000	18.4180000000000
3.49500000000000	0.00202000000000000	18.4590000000000
3.50000000000000	0.00200000000000000	18.5000000000000
3.50500000000000	0.00200000000000000	18.5410000000000
3.51000000000000	0.00200000000000000	18.5820000000000
3.51500000000000	0.00200000000000000	18.6230000000000
3.52000000000000	0.00200000000000000	18.6640000000000
3.52500000000000	0.00200000000000000	18.7050000000000
3.53000000000000	0.00200000000000000	18.7460000000000
3.53500000000000	0.00200000000000000	18.7870000000000
3.54000000000000	0.00200000000000000	18.8280000000000
3.54500000000000	0.00200000000000000	18.8690000000000
3.55000000000000	0.00200000000000000	18.9100000000000
3.55500000000000	0.00200000000000000	18.9510000000000
3.56000000000000	0.00200000000000000	18.9920000000000
3.56500000000000	0.00200000000000000	19.0330000000000
3.57000000000000	0.00200000000000000	19.0740000000000
3.57500000000000	0.00200000000000000	19.1150000000000
3.58000000000000	0.00200000000000000	19.1560000000000
3.58500000000000	0.00200000000000000	19.1970000000000
3.59000000000000	0.00200000000000000	19.2380000000000
3.59500000000000	0.00200000000000000	19.2790000000000
3.60000000000000	0.00200000000000000	19.3200000000000
3.60500000000000	0.00200000000000000	19.3610000000000
3.61000000000000	0.00200000000000000	19.4020000000000
3.61500000000000	0.00200000000000000	19.4430000000000
3.62000000000000	0.00200000000000000	19.4840000000000
3.62500000000000	0.00200000000000000	19.5250000000000
3.63000000000000	0.00200000000000000	19.5660000000000
3.63500000000000	0.00200000000000000	19.6070000000000
3.64000000000000	0.00200000000000000	19.6480000000000
3.64500000000000	0.00200000000000000	19.6890000000000
3.65000000000000	0.00200000000000000	19.7300000000000
3.65500000000000	0.00200000000000000	19.7710000000000
3.66000000000000	0.00200000000000000	19.8120000000000
3.66500000000000	0.00200000000000000	19.8530000000000
3.67000000000000	0.00200000000000000	19.8940000000000
3.67500000000000	0.00200000000000000	19.9350000000000
3.68000000000000	0.00200000000000000	19.9760000000000
3.68500000000000	0.00200000000000000	20.0170000000000
3.69000000000000	0.00200000000000000	20.0580000000000
3.69500000000000	0.00200000000000000	20.0990000000000
3.70000000000000	0.00200000000000000	20.1400000000000
3.70500000000000	0.00200000000000000	20.1810000000000
3.71000000000000	0.00200000000000000	20.2220000000000
3.71500000000000	0.00200000000000000	20.2630000000000
3.72000000000000	0.00200000000000000	20.3040000000000
3.72500000000000	0.00200000000000000	20.3450000000000
3.73000000000000	0.00200000000000000	20.3860000000000
3.73500000000000	0.00200000000000000	20.4270000000000
3.74000000000000	0.00200000000000000	20.4680000000000
3.74500000000000	0.00200000000000000	20.5090000000000
3.75000000000000	0.00200000000000000	20.5500000000000
3.75500000000000	0.00200000000000000	20.5910000000000
3.76000000000000	0.00200000000000000	20.6320000000000
3.76500000000000	0.00200000000000000	20.6730000000000
3.77000000000000	0.00200000000000000	20.7140000000000
3.77500000000000	0.00200000000000000	20.7550000000000
3.78000000000000	0.00200000000000000	20.7960000000000
3.78500000000000	0.00200000000000000	20.8370000000000
3.79000000000000	0.00200000000000000	20.8780000000000
3.79500000000000	0.00200000000000000	20.9190000000000
3.80000000000000	0.00200000000000000	20.9600000000000
3.80500000000000	0.00200000000000000	21.0010000000000
3.81000000000000	0.00200000000000000	21.0420000000000
3.81500000000000	0.00200000000000000	21.0830000000000
3.82000000000000	0.00200000000000000	21.1240000000000
3.82500000000000	0.00200000000000000	21.1650000000000
3.83000000000000	0.00200000000000000	21.2060000000000
3.83500000000000	0.00200000000000000	21.2470000000000
3.84000000000000	0.00200000000000000	21.2880000000000
3.84500000000000	0.00200000000000000	21.3290000000000
3.85000000000000	0.00200000000000000	21.3700000000000
3.85500000000000	0.00200000000000000	21.4110000000000
3.86000000000000	0.00200000000000000	21.4520000000000
3.86500000000000	0.00200000000000000	21.4930000000000
3.87000000000000	0.00200000000000000	21.5340000000000
3.87500000000000	0.00200000000000000	21.5750000000000
3.88000000000000	0.00200000000000000	21.6160000000000
3.88500000000000	0.00200000000000000	21.6570000000000
3.89000000000000	0.00200000000000000	21.6980000000000
3.89500000000000	0.00200000000000000	21.7390000000000
3.90000000000000	0.00200000000000000	21.7800000000000
3.90500000000000	0.00200000000000000	21.8210000000000
3.91000000000000	0.00200000000000000	21.8620000000000
3.91500000000000	0.00200000000000000	21.9030000000000
3.92000000000000	0.00200000000000000	21.9440000000000
3.92500000000000	0.00200000000000000	21.9850000000000
3.93000000000000	0.00200000000000000	22.0260000000000
3.93500000000000	0.00200000000000000	22.0670000000000
3.94000000000000	0.00200000000000000	22.1080000000000
3.94500000000000	0.00200000000000000	22.1490000000000
3.95000000000000	0.00200000000000000	22.1900000000000
3.95500000000000	0.00200000000000000	22.2310000000000
3.96000000000000	0.00200000000000000	22.2720000000000
3.96500000000000	0.00200000000000000	22.3130000000000
3.97000000000000	0.00200000000000000	22.3540000000000
3.97500000000000	0.00200000000000000	22.3950000000000
3.98000000000000	0.00200000000000000	22.4360000000000
3.98500000000000	0.00200000000000000	22.4770000000000
3.99000000000000	0.00200000000000000	22.5180000000000
3.99500000000000	0.00200000000000000	22.5590000000000
4	                0.00200000000000000	22.6000000000000
4.00500000000000	0.00200000000000000	22.6400000000000
4.01000000000000	0.00200000000000000	22.6800000000000
4.01500000000000	0.00200000000000000	22.7200000000000
4.02000000000000	0.00200000000000000	22.7600000000000
4.02500000000000	0.00200000000000000	22.8000000000000
4.03000000000000	0.00200000000000000	22.8400000000000
4.03500000000000	0.00200000000000000	22.8800000000000
4.04000000000000	0.00200000000000000	22.9200000000000
4.04500000000000	0.00200000000000000	22.9600000000000
4.05000000000000	0.00200000000000000	23.0000000000000
4.05500000000000	0.00200000000000000	23.0400000000000
4.06000000000000	0.00200000000000000	23.0800000000000
4.06500000000000	0.00200000000000000	23.1200000000000
4.07000000000000	0.00200000000000000	23.1600000000000
4.07500000000000	0.00200000000000000	23.2000000000000
4.08000000000000	0.00200000000000000	23.2400000000000
4.08500000000000	0.00200000000000000	23.2800000000000
4.09000000000000	0.00200000000000000	23.3200000000000
4.09500000000000	0.00200000000000000	23.3600000000000
4.10000000000000	0.00200000000000000	23.4000000000000
4.10500000000000	0.00200000000000000	23.4400000000000
4.11000000000000	0.00200000000000000	23.4800000000000
4.11500000000000	0.00200000000000000	23.5200000000000
4.12000000000000	0.00200000000000000	23.5600000000000
4.12500000000000	0.00200000000000000	23.6000000000000
4.13000000000000	0.00200000000000000	23.6400000000000
4.13500000000000	0.00200000000000000	23.6800000000000
4.14000000000000	0.00200000000000000	23.7200000000000
4.14500000000000	0.00200000000000000	23.7600000000000
4.15000000000000	0.00200000000000000	23.8000000000000
4.15500000000000	0.00200000000000000	23.8400000000000
4.16000000000000	0.00200000000000000	23.8800000000000
4.16500000000000	0.00200000000000000	23.9200000000000
4.17000000000000	0.00200000000000000	23.9600000000000
4.17500000000000	0.00200000000000000	24.0000000000000
4.18000000000000	0.00200000000000000	24.0400000000000
4.18500000000000	0.00200000000000000	24.0800000000000
4.19000000000000	0.00200000000000000	24.1200000000000
4.19500000000000	0.00200000000000000	24.1600000000000
4.20000000000000	0.00200000000000000	24.2000000000000
4.20500000000000	0.00200000000000000	24.2400000000000
4.21000000000000	0.00200000000000000	24.2800000000000
4.21500000000000	0.00200000000000000	24.3200000000000
4.22000000000000	0.00200000000000000	24.3600000000000
4.22500000000000	0.00200000000000000	24.4000000000000
4.23000000000000	0.00200000000000000	24.4400000000000
4.23500000000000	0.00200000000000000	24.4800000000000
4.24000000000000	0.00200000000000000	24.5200000000000
4.24500000000000	0.00200000000000000	24.5600000000000
4.25000000000000	0.00200000000000000	24.6000000000000
4.25500000000000	0.00200000000000000	24.6400000000000
4.26000000000000	0.00200000000000000	24.6800000000000
4.26500000000000	0.00200000000000000	24.7200000000000
4.27000000000000	0.00200000000000000	24.7600000000000
4.27500000000000	0.00200000000000000	24.8000000000000
4.28000000000000	0.00200000000000000	24.8400000000000
4.28500000000000	0.00200000000000000	24.8800000000000
4.29000000000000	0.00200000000000000	24.9200000000000
4.29500000000000	0.00200000000000000	24.9600000000000
4.30000000000000	0.00200000000000000	25.0000000000000
4.30500000000000	0.00200000000000000	25.0400000000000
4.31000000000000	0.00200000000000000	25.0800000000000
4.31500000000000	0.00200000000000000	25.1200000000000
4.32000000000000	0.00200000000000000	25.1600000000000
4.32500000000000	0.00200000000000000	25.2000000000000
4.33000000000000	0.00200000000000000	25.2400000000000
4.33500000000000	0.00200000000000000	25.2800000000000
4.34000000000000	0.00200000000000000	25.3200000000000
4.34500000000000	0.00200000000000000	25.3600000000000
4.35000000000000	0.00200000000000000	25.4000000000000
4.35500000000000	0.00200000000000000	25.4400000000000
4.36000000000000	0.00200000000000000	25.4800000000000
4.36500000000000	0.00200000000000000	25.5200000000000
4.37000000000000	0.00200000000000000	25.5600000000000
4.37500000000000	0.00200000000000000	25.6000000000000
4.38000000000000	0.00200000000000000	25.6400000000000
4.38500000000000	0.00200000000000000	25.6800000000000
4.39000000000000	0.00200000000000000	25.7200000000000
4.39500000000000	0.00200000000000000	25.7600000000000
4.40000000000000	0.00200000000000000	25.8000000000000
4.40500000000000	0.00200000000000000	25.8400000000000
4.41000000000000	0.00200000000000000	25.8800000000000
4.41500000000000	0.00200000000000000	25.9200000000000
4.42000000000000	0.00200000000000000	25.9600000000000
4.42500000000000	0.00200000000000000	26.0000000000000
4.43000000000000	0.00200000000000000	26.0400000000000
4.43500000000000	0.00200000000000000	26.0800000000000
4.44000000000000	0.00200000000000000	26.1200000000000
4.44500000000000	0.00200000000000000	26.1600000000000
4.45000000000000	0.00200000000000000	26.2000000000000
4.45500000000000	0.00200000000000000	26.2400000000000
4.46000000000000	0.00200000000000000	26.2800000000000
4.46500000000000	0.00200000000000000	26.3200000000000
4.47000000000000	0.00200000000000000	26.3600000000000
4.47500000000000	0.00200000000000000	26.4000000000000
4.48000000000000	0.00200000000000000	26.4400000000000
4.48500000000000	0.00200000000000000	26.4800000000000
4.49000000000000	0.00200000000000000	26.5200000000000
4.49500000000000	0.00200000000000000	26.5600000000000
4.50000000000000	0.00200000000000000	26.6000000000000
4.50500000000000	0.00199000000000000	26.6300000000000
4.51000000000000	0.00198000000000000	26.6600000000000
4.51500000000000	0.00197000000000000	26.6900000000000
4.52000000000000	0.00196000000000000	26.7200000000000
4.52500000000000	0.00195000000000000	26.7500000000000
4.53000000000000	0.00194000000000000	26.7800000000000
4.53500000000000	0.00193000000000000	26.8100000000000
4.54000000000000	0.00192000000000000	26.8400000000000
4.54500000000000	0.00191000000000000	26.8700000000000
4.55000000000000	0.00190000000000000	26.9000000000000
4.55500000000000	0.00189000000000000	26.9300000000000
4.56000000000000	0.00188000000000000	26.9600000000000
4.56500000000000	0.00187000000000000	26.9900000000000
4.57000000000000	0.00186000000000000	27.0200000000000
4.57500000000000	0.00185000000000000	27.0500000000000
4.58000000000000	0.00184000000000000	27.0800000000000
4.58500000000000	0.00183000000000000	27.1100000000000
4.59000000000000	0.00182000000000000	27.1400000000000
4.59500000000000	0.00181000000000000	27.1700000000000
4.60000000000000	0.00180000000000000	27.2000000000000
4.60500000000000	0.00179000000000000	27.2300000000000
4.61000000000000	0.00178000000000000	27.2600000000000
4.61500000000000	0.00177000000000000	27.2900000000000
4.62000000000000	0.00176000000000000	27.3200000000000
4.62500000000000	0.00175000000000000	27.3500000000000
4.63000000000000	0.00174000000000000	27.3800000000000
4.63500000000000	0.00173000000000000	27.4100000000000
4.64000000000000	0.00172000000000000	27.4400000000000
4.64500000000000	0.00171000000000000	27.4700000000000
4.65000000000000	0.00170000000000000	27.5000000000000
4.65500000000000	0.00169000000000000	27.5300000000000
4.66000000000000	0.00168000000000000	27.5600000000000
4.66500000000000	0.00167000000000000	27.5900000000000
4.67000000000000	0.00166000000000000	27.6200000000000
4.67500000000000	0.00165000000000000	27.6500000000000
4.68000000000000	0.00164000000000000	27.6800000000000
4.68500000000000	0.00163000000000000	27.7100000000000
4.69000000000000	0.00162000000000000	27.7400000000000
4.69500000000000	0.00161000000000000	27.7700000000000
4.70000000000000	0.00160000000000000	27.8000000000000
4.70500000000000	0.00159000000000000	27.8300000000000
4.71000000000000	0.00158000000000000	27.8600000000000
4.71500000000000	0.00157000000000000	27.8900000000000
4.72000000000000	0.00156000000000000	27.9200000000000
4.72500000000000	0.00155000000000000	27.9500000000000
4.73000000000000	0.00154000000000000	27.9800000000000
4.73500000000000	0.00153000000000000	28.0100000000000
4.74000000000000	0.00152000000000000	28.0400000000000
4.74500000000000	0.00151000000000000	28.0700000000000
4.75000000000000	0.00150000000000000	28.1000000000000
4.75500000000000	0.00149000000000000	28.1300000000000
4.76000000000000	0.00148000000000000	28.1600000000000
4.76500000000000	0.00147000000000000	28.1900000000000
4.77000000000000	0.00146000000000000	28.2200000000000
4.77500000000000	0.00145000000000000	28.2500000000000
4.78000000000000	0.00144000000000000	28.2800000000000
4.78500000000000	0.00143000000000000	28.3100000000000
4.79000000000000	0.00142000000000000	28.3400000000000
4.79500000000000	0.00141000000000000	28.3700000000000
4.80000000000000	0.00140000000000000	28.4000000000000
4.80500000000000	0.00139000000000000	28.4300000000000
4.81000000000000	0.00138000000000000	28.4600000000000
4.81500000000000	0.00137000000000000	28.4900000000000
4.82000000000000	0.00136000000000000	28.5200000000000
4.82500000000000	0.00135000000000000	28.5500000000000
4.83000000000000	0.00134000000000000	28.5800000000000
4.83500000000000	0.00133000000000000	28.6100000000000
4.84000000000000	0.00132000000000000	28.6400000000000
4.84500000000000	0.00131000000000000	28.6700000000000
4.85000000000000	0.00130000000000000	28.7000000000000
4.85500000000000	0.00129000000000000	28.7300000000000
4.86000000000000	0.00128000000000000	28.7600000000000
4.86500000000000	0.00127000000000000	28.7900000000000
4.87000000000000	0.00126000000000000	28.8200000000000
4.87500000000000	0.00125000000000000	28.8500000000000
4.88000000000000	0.00124000000000000	28.8800000000000
4.88500000000000	0.00123000000000000	28.9100000000000
4.89000000000000	0.00122000000000000	28.9400000000000
4.89500000000000	0.00121000000000000	28.9700000000000
4.90000000000000	0.00120000000000000	29.0000000000000
4.90500000000000	0.00119000000000000	29.0300000000000
4.91000000000000	0.00118000000000000	29.0600000000000
4.91500000000000	0.00117000000000000	29.0900000000000
4.92000000000000	0.00116000000000000	29.1200000000000
4.92500000000000	0.00115000000000000	29.1500000000000
4.93000000000000	0.00114000000000000	29.1800000000000
4.93500000000000	0.00113000000000000	29.2100000000000
4.94000000000000	0.00112000000000000	29.2400000000000
4.94500000000000	0.00111000000000000	29.2700000000000
4.95000000000000	0.00110000000000000	29.3000000000000
4.95500000000000	0.00109000000000000	29.3300000000000
4.96000000000000	0.00108000000000000	29.3600000000000
4.96500000000000	0.00107000000000000	29.3900000000000
4.97000000000000	0.00106000000000000	29.4200000000000
4.97500000000000	0.00105000000000000	29.4500000000000
4.98000000000000	0.00104000000000000	29.4800000000000
4.98500000000000	0.00103000000000000	29.5100000000000
4.99000000000000	0.00102000000000000	29.5400000000000
4.99500000000000	0.00101000000000000	29.5700000000000
5	                0.00100000000000000	29.6000000000000
5.00500000000000	0.00100000000000000	29.6240000000000
5.01000000000000	0.00100000000000000	29.6480000000000
5.01500000000000	0.00100000000000000	29.6720000000000
5.02000000000000	0.00100000000000000	29.6960000000000
5.02500000000000	0.00100000000000000	29.7200000000000
5.03000000000000	0.00100000000000000	29.7440000000000
5.03500000000000	0.00100000000000000	29.7680000000000
5.04000000000000	0.00100000000000000	29.7920000000000
5.04500000000000	0.00100000000000000	29.8160000000000
5.05000000000000	0.00100000000000000	29.8400000000000
5.05500000000000	0.00100000000000000	29.8640000000000
5.06000000000000	0.00100000000000000	29.8880000000000
5.06500000000000	0.00100000000000000	29.9120000000000
5.07000000000000	0.00100000000000000	29.9360000000000
5.07500000000000	0.00100000000000000	29.9600000000000
5.08000000000000	0.00100000000000000	29.9840000000000
5.08500000000000	0.00100000000000000	30.0080000000000
5.09000000000000	0.00100000000000000	30.0320000000000
5.09500000000000	0.00100000000000000	30.0560000000000
5.10000000000000	0.00100000000000000	30.0800000000000
5.10500000000000	0.00100000000000000	30.1040000000000
5.11000000000000	0.00100000000000000	30.1280000000000
5.11500000000000	0.00100000000000000	30.1520000000000
5.12000000000000	0.00100000000000000	30.1760000000000
5.12500000000000	0.00100000000000000	30.2000000000000
5.13000000000000	0.00100000000000000	30.2240000000000
5.13500000000000	0.00100000000000000	30.2480000000000
5.14000000000000	0.00100000000000000	30.2720000000000
5.14500000000000	0.00100000000000000	30.2960000000000
5.15000000000000	0.00100000000000000	30.3200000000000
5.15500000000000	0.00100000000000000	30.3440000000000
5.16000000000000	0.00100000000000000	30.3680000000000
5.16500000000000	0.00100000000000000	30.3920000000000
5.17000000000000	0.00100000000000000	30.4160000000000
5.17500000000000	0.00100000000000000	30.4400000000000
5.18000000000000	0.00100000000000000	30.4640000000000
5.18500000000000	0.00100000000000000	30.4880000000000
5.19000000000000	0.00100000000000000	30.5120000000000
5.19500000000000	0.00100000000000000	30.5360000000000
5.20000000000000	0.00100000000000000	30.5600000000000
5.20500000000000	0.00100000000000000	30.5840000000000
5.21000000000000	0.00100000000000000	30.6080000000000
5.21500000000000	0.00100000000000000	30.6320000000000
5.22000000000000	0.00100000000000000	30.6560000000000
5.22500000000000	0.00100000000000000	30.6800000000000
5.23000000000000	0.00100000000000000	30.7040000000000
5.23500000000000	0.00100000000000000	30.7280000000000
5.24000000000000	0.00100000000000000	30.7520000000000
5.24500000000000	0.00100000000000000	30.7760000000000
5.25000000000000	0.00100000000000000	30.8000000000000
5.25500000000000	0.00100000000000000	30.8240000000000
5.26000000000000	0.00100000000000000	30.8480000000000
5.26500000000000	0.00100000000000000	30.8720000000000
5.27000000000000	0.00100000000000000	30.8960000000000
5.27500000000000	0.00100000000000000	30.9200000000000
5.28000000000000	0.00100000000000000	30.9440000000000
5.28500000000000	0.00100000000000000	30.9680000000000
5.29000000000000	0.00100000000000000	30.9920000000000
5.29500000000000	0.00100000000000000	31.0160000000000
5.30000000000000	0.00100000000000000	31.0400000000000
5.30500000000000	0.00100000000000000	31.0640000000000
5.31000000000000	0.00100000000000000	31.0880000000000
5.31500000000000	0.00100000000000000	31.1120000000000
5.32000000000000	0.00100000000000000	31.1360000000000
5.32500000000000	0.00100000000000000	31.1600000000000
5.33000000000000	0.00100000000000000	31.1840000000000
5.33500000000000	0.00100000000000000	31.2080000000000
5.34000000000000	0.00100000000000000	31.2320000000000
5.34500000000000	0.00100000000000000	31.2560000000000
5.35000000000000	0.00100000000000000	31.2800000000000
5.35500000000000	0.00100000000000000	31.3040000000000
5.36000000000000	0.00100000000000000	31.3280000000000
5.36500000000000	0.00100000000000000	31.3520000000000
5.37000000000000	0.00100000000000000	31.3760000000000
5.37500000000000	0.00100000000000000	31.4000000000000
5.38000000000000	0.00100000000000000	31.4240000000000
5.38500000000000	0.00100000000000000	31.4480000000000
5.39000000000000	0.00100000000000000	31.4720000000000
5.39500000000000	0.00100000000000000	31.4960000000000
5.40000000000000	0.00100000000000000	31.5200000000000
5.40500000000000	0.00100000000000000	31.5440000000000
5.41000000000000	0.00100000000000000	31.5680000000000
5.41500000000000	0.00100000000000000	31.5920000000000
5.42000000000000	0.00100000000000000	31.6160000000000
5.42500000000000	0.00100000000000000	31.6400000000000
5.43000000000000	0.00100000000000000	31.6640000000000
5.43500000000000	0.00100000000000000	31.6880000000000
5.44000000000000	0.00100000000000000	31.7120000000000
5.44500000000000	0.00100000000000000	31.7360000000000
5.45000000000000	0.00100000000000000	31.7600000000000
5.45500000000000	0.00100000000000000	31.7840000000000
5.46000000000000	0.00100000000000000	31.8080000000000
5.46500000000000	0.00100000000000000	31.8320000000000
5.47000000000000	0.00100000000000000	31.8560000000000
5.47500000000000	0.00100000000000000	31.8800000000000
5.48000000000000	0.00100000000000000	31.9040000000000
5.48500000000000	0.00100000000000000	31.9280000000000
5.49000000000000	0.00100000000000000	31.9520000000000
5.49500000000000	0.00100000000000000	31.9760000000000
5.50000000000000	0.00100000000000000	32
5.50500000000000	0.00100000000000000	32.0200000000000
5.51000000000000	0.00100000000000000	32.0400000000000
5.51500000000000	0.00100000000000000	32.0600000000000
5.52000000000000	0.00100000000000000	32.0800000000000
5.52500000000000	0.00100000000000000	32.1000000000000
5.53000000000000	0.00100000000000000	32.1200000000000
5.53500000000000	0.00100000000000000	32.1400000000000
5.54000000000000	0.00100000000000000	32.1600000000000
5.54500000000000	0.00100000000000000	32.1800000000000
5.55000000000000	0.00100000000000000	32.2000000000000
5.55500000000000	0.00100000000000000	32.2200000000000
5.56000000000000	0.00100000000000000	32.2400000000000
5.56500000000000	0.00100000000000000	32.2600000000000
5.57000000000000	0.00100000000000000	32.2800000000000
5.57500000000000	0.00100000000000000	32.3000000000000
5.58000000000000	0.00100000000000000	32.3200000000000
5.58500000000000	0.00100000000000000	32.3400000000000
5.59000000000000	0.00100000000000000	32.3600000000000
5.59500000000000	0.00100000000000000	32.3800000000000
5.60000000000000	0.00100000000000000	32.4000000000000
5.60500000000000	0.00100000000000000	32.4200000000000
5.61000000000000	0.00100000000000000	32.4400000000000
5.61500000000000	0.00100000000000000	32.4600000000000
5.62000000000000	0.00100000000000000	32.4800000000000
5.62500000000000	0.00100000000000000	32.5000000000000
5.63000000000000	0.00100000000000000	32.5200000000000
5.63500000000000	0.00100000000000000	32.5400000000000
5.64000000000000	0.00100000000000000	32.5600000000000
5.64500000000000	0.00100000000000000	32.5800000000000
5.65000000000000	0.00100000000000000	32.6000000000000
5.65500000000000	0.00100000000000000	32.6200000000000
5.66000000000000	0.00100000000000000	32.6400000000000
5.66500000000000	0.00100000000000000	32.6600000000000
5.67000000000000	0.00100000000000000	32.6800000000000
5.67500000000000	0.00100000000000000	32.7000000000000
5.68000000000000	0.00100000000000000	32.7200000000000
5.68500000000000	0.00100000000000000	32.7400000000000
5.69000000000000	0.00100000000000000	32.7600000000000
5.69500000000000	0.00100000000000000	32.7800000000000
5.70000000000000	0.00100000000000000	32.8000000000000
5.70500000000000	0.00100000000000000	32.8200000000000
5.71000000000000	0.00100000000000000	32.8400000000000
5.71500000000000	0.00100000000000000	32.8600000000000
5.72000000000000	0.00100000000000000	32.8800000000000
5.72500000000000	0.00100000000000000	32.9000000000000
5.73000000000000	0.00100000000000000	32.9200000000000
5.73500000000000	0.00100000000000000	32.9400000000000
5.74000000000000	0.00100000000000000	32.9600000000000
5.74500000000000	0.00100000000000000	32.9800000000000
5.75000000000000	0.00100000000000000	33
5.75500000000000	0.00100000000000000	33.0200000000000
5.76000000000000	0.00100000000000000	33.0400000000000
5.76500000000000	0.00100000000000000	33.0600000000000
5.77000000000000	0.00100000000000000	33.0800000000000
5.77500000000000	0.00100000000000000	33.1000000000000
5.78000000000000	0.00100000000000000	33.1200000000000
5.78500000000000	0.00100000000000000	33.1400000000000
5.79000000000000	0.00100000000000000	33.1600000000000
5.79500000000000	0.00100000000000000	33.1800000000000
5.80000000000000	0.00100000000000000	33.2000000000000
5.80500000000000	0.00100000000000000	33.2200000000000
5.81000000000000	0.00100000000000000	33.2400000000000
5.81500000000000	0.00100000000000000	33.2600000000000
5.82000000000000	0.00100000000000000	33.2800000000000
5.82500000000000	0.00100000000000000	33.3000000000000
5.83000000000000	0.00100000000000000	33.3200000000000
5.83500000000000	0.00100000000000000	33.3400000000000
5.84000000000000	0.00100000000000000	33.3600000000000
5.84500000000000	0.00100000000000000	33.3800000000000
5.85000000000000	0.00100000000000000	33.4000000000000
5.85500000000000	0.00100000000000000	33.4200000000000
5.86000000000000	0.00100000000000000	33.4400000000000
5.86500000000000	0.00100000000000000	33.4600000000000
5.87000000000000	0.00100000000000000	33.4800000000000
5.87500000000000	0.00100000000000000	33.5000000000000
5.88000000000000	0.00100000000000000	33.5200000000000
5.88500000000000	0.00100000000000000	33.5400000000000
5.89000000000000	0.00100000000000000	33.5600000000000
5.89500000000000	0.00100000000000000	33.5800000000000
5.90000000000000	0.00100000000000000	33.6000000000000
5.90500000000000	0.00100000000000000	33.6200000000000
5.91000000000000	0.00100000000000000	33.6400000000000
5.91500000000000	0.00100000000000000	33.6600000000000
5.92000000000000	0.00100000000000000	33.6800000000000
5.92500000000000	0.00100000000000000	33.7000000000000
5.93000000000000	0.00100000000000000	33.7200000000000
5.93500000000000	0.00100000000000000	33.7400000000000
5.94000000000000	0.00100000000000000	33.7600000000000
5.94500000000000	0.00100000000000000	33.7800000000000
5.95000000000000	0.00100000000000000	33.8000000000000
5.95500000000000	0.00100000000000000	33.8200000000000
5.96000000000000	0.00100000000000000	33.8400000000000
5.96500000000000	0.00100000000000000	33.8600000000000
5.97000000000000	0.00100000000000000	33.8800000000000
5.97500000000000	0.00100000000000000	33.9000000000000
5.98000000000000	0.00100000000000000	33.9200000000000
5.98500000000000	0.00100000000000000	33.9400000000000
5.99000000000000	0.00100000000000000	33.9600000000000
5.99500000000000	0.00100000000000000	33.9800000000000
6	                0.00100000000000000	34
6.00500000000000	0.00100000000000000	34.0170000000000
6.01000000000000	0.00100000000000000	34.0340000000000
6.01500000000000	0.00100000000000000	34.0510000000000
6.02000000000000	0.00100000000000000	34.0680000000000
6.02500000000000	0.00100000000000000	34.0850000000000
6.03000000000000	0.00100000000000000	34.1020000000000
6.03500000000000	0.00100000000000000	34.1190000000000
6.04000000000000	0.00100000000000000	34.1360000000000
6.04500000000000	0.00100000000000000	34.1530000000000
6.05000000000000	0.00100000000000000	34.1700000000000
6.05500000000000	0.00100000000000000	34.1870000000000
6.06000000000000	0.00100000000000000	34.2040000000000
6.06500000000000	0.00100000000000000	34.2210000000000
6.07000000000000	0.00100000000000000	34.2380000000000
6.07500000000000	0.00100000000000000	34.2550000000000
6.08000000000000	0.00100000000000000	34.2720000000000
6.08500000000000	0.00100000000000000	34.2890000000000
6.09000000000000	0.00100000000000000	34.3060000000000
6.09500000000000	0.00100000000000000	34.3230000000000
6.10000000000000	0.00100000000000000	34.3400000000000
6.10500000000000	0.00100000000000000	34.3570000000000
6.11000000000000	0.00100000000000000	34.3740000000000
6.11500000000000	0.00100000000000000	34.3910000000000
6.12000000000000	0.00100000000000000	34.4080000000000
6.12500000000000	0.00100000000000000	34.4250000000000
6.13000000000000	0.00100000000000000	34.4420000000000
6.13500000000000	0.00100000000000000	34.4590000000000
6.14000000000000	0.00100000000000000	34.4760000000000
6.14500000000000	0.00100000000000000	34.4930000000000
6.15000000000000	0.00100000000000000	34.5100000000000
6.15500000000000	0.00100000000000000	34.5270000000000
6.16000000000000	0.00100000000000000	34.5440000000000
6.16500000000000	0.00100000000000000	34.5610000000000
6.17000000000000	0.00100000000000000	34.5780000000000
6.17500000000000	0.00100000000000000	34.5950000000000
6.18000000000000	0.00100000000000000	34.6120000000000
6.18500000000000	0.00100000000000000	34.6290000000000
6.19000000000000	0.00100000000000000	34.6460000000000
6.19500000000000	0.00100000000000000	34.6630000000000
6.20000000000000	0.00100000000000000	34.6800000000000
6.20500000000000	0.00100000000000000	34.6970000000000
6.21000000000000	0.00100000000000000	34.7140000000000
6.21500000000000	0.00100000000000000	34.7310000000000
6.22000000000000	0.00100000000000000	34.7480000000000
6.22500000000000	0.00100000000000000	34.7650000000000
6.23000000000000	0.00100000000000000	34.7820000000000
6.23500000000000	0.00100000000000000	34.7990000000000
6.24000000000000	0.00100000000000000	34.8160000000000
6.24500000000000	0.00100000000000000	34.8330000000000
6.25000000000000	0.00100000000000000	34.8500000000000
6.25500000000000	0.00100000000000000	34.8670000000000
6.26000000000000	0.00100000000000000	34.8840000000000
6.26500000000000	0.00100000000000000	34.9010000000000
6.27000000000000	0.00100000000000000	34.9180000000000
6.27500000000000	0.00100000000000000	34.9350000000000
6.28000000000000	0.00100000000000000	34.9520000000000
6.28500000000000	0.00100000000000000	34.9690000000000
6.29000000000000	0.00100000000000000	34.9860000000000
6.29500000000000	0.00100000000000000	35.0030000000000
6.30000000000000	0.00100000000000000	35.0200000000000
6.30500000000000	0.00100000000000000	35.0370000000000
6.31000000000000	0.00100000000000000	35.0540000000000
6.31500000000000	0.00100000000000000	35.0710000000000
6.32000000000000	0.00100000000000000	35.0880000000000
6.32500000000000	0.00100000000000000	35.1050000000000
6.33000000000000	0.00100000000000000	35.1220000000000
6.33500000000000	0.00100000000000000	35.1390000000000
6.34000000000000	0.00100000000000000	35.1560000000000
6.34500000000000	0.00100000000000000	35.1730000000000
6.35000000000000	0.00100000000000000	35.1900000000000
6.35500000000000	0.00100000000000000	35.2070000000000
6.36000000000000	0.00100000000000000	35.2240000000000
6.36500000000000	0.00100000000000000	35.2410000000000
6.37000000000000	0.00100000000000000	35.2580000000000
6.37500000000000	0.00100000000000000	35.2750000000000
6.38000000000000	0.00100000000000000	35.2920000000000
6.38500000000000	0.00100000000000000	35.3090000000000
6.39000000000000	0.00100000000000000	35.3260000000000
6.39500000000000	0.00100000000000000	35.3430000000000
6.40000000000000	0.00100000000000000	35.3600000000000
6.40500000000000	0.00100000000000000	35.3770000000000
6.41000000000000	0.00100000000000000	35.3940000000000
6.41500000000000	0.00100000000000000	35.4110000000000
6.42000000000000	0.00100000000000000	35.4280000000000
6.42500000000000	0.00100000000000000	35.4450000000000
6.43000000000000	0.00100000000000000	35.4620000000000
6.43500000000000	0.00100000000000000	35.4790000000000
6.44000000000000	0.00100000000000000	35.4960000000000
6.44500000000000	0.00100000000000000	35.5130000000000
6.45000000000000	0.00100000000000000	35.5300000000000
6.45500000000000	0.00100000000000000	35.5470000000000
6.46000000000000	0.00100000000000000	35.5640000000000
6.46500000000000	0.00100000000000000	35.5810000000000
6.47000000000000	0.00100000000000000	35.5980000000000
6.47500000000000	0.00100000000000000	35.6150000000000
6.48000000000000	0.00100000000000000	35.6320000000000
6.48500000000000	0.00100000000000000	35.6490000000000
6.49000000000000	0.00100000000000000	35.6660000000000
6.49500000000000	0.00100000000000000	35.6830000000000
6.50000000000000	0.00100000000000000	35.7000000000000
6.50500000000000	0.00100000000000000	35.7133333333333
6.51000000000000	0.00100000000000000	35.7266666666667
6.51500000000000	0.00100000000000000	35.7400000000000
6.52000000000000	0.00100000000000000	35.7533333333333
6.52500000000000	0.00100000000000000	35.7666666666667
6.53000000000000	0.00100000000000000	35.7800000000000
6.53500000000000	0.00100000000000000	35.7933333333333
6.54000000000000	0.00100000000000000	35.8066666666667
6.54500000000000	0.00100000000000000	35.8200000000000
6.55000000000000	0.00100000000000000	35.8333333333333
6.55500000000000	0.00100000000000000	35.8466666666667
6.56000000000000	0.00100000000000000	35.8600000000000
6.56500000000000	0.00100000000000000	35.8733333333333
6.57000000000000	0.00100000000000000	35.8866666666667
6.57500000000000	0.00100000000000000	35.9000000000000
6.58000000000000	0.00100000000000000	35.9133333333333
6.58500000000000	0.00100000000000000	35.9266666666667
6.59000000000000	0.00100000000000000	35.9400000000000
6.59500000000000	0.00100000000000000	35.9533333333333
6.60000000000000	0.00100000000000000	35.9666666666667
6.60500000000000	0.00100000000000000	35.9800000000000
6.61000000000000	0.00100000000000000	35.9933333333333
6.61500000000000	0.00100000000000000	36.0066666666667
6.62000000000000	0.00100000000000000	36.0200000000000
6.62500000000000	0.00100000000000000	36.0333333333333
6.63000000000000	0.00100000000000000	36.0466666666667
6.63500000000000	0.00100000000000000	36.0600000000000
6.64000000000000	0.00100000000000000	36.0733333333333
6.64500000000000	0.00100000000000000	36.0866666666667
6.65000000000000	0.00100000000000000	36.1000000000000
6.65500000000000	0.00100000000000000	36.1133333333333
6.66000000000000	0.00100000000000000	36.1266666666667
6.66500000000000	0.00100000000000000	36.1400000000000
6.67000000000000	0.00100000000000000	36.1533333333333
6.67500000000000	0.00100000000000000	36.1666666666667
6.68000000000000	0.00100000000000000	36.1800000000000
6.68500000000000	0.00100000000000000	36.1933333333333
6.69000000000000	0.00100000000000000	36.2066666666667
6.69500000000000	0.00100000000000000	36.2200000000000
6.70000000000000	0.00100000000000000	36.2333333333333
6.70500000000000	0.00100000000000000	36.2466666666667
6.71000000000000	0.00100000000000000	36.2600000000000
6.71500000000000	0.00100000000000000	36.2733333333333
6.72000000000000	0.00100000000000000	36.2866666666667
6.72500000000000	0.00100000000000000	36.3000000000000
6.73000000000000	0.00100000000000000	36.3133333333333
6.73500000000000	0.00100000000000000	36.3266666666667
6.74000000000000	0.00100000000000000	36.3400000000000
6.74500000000000	0.00100000000000000	36.3533333333333
6.75000000000000	0.00100000000000000	36.3666666666667
6.75500000000000	0.00100000000000000	36.3800000000000
6.76000000000000	0.00100000000000000	36.3933333333333
6.76500000000000	0.00100000000000000	36.4066666666667
6.77000000000000	0.00100000000000000	36.4200000000000
6.77500000000000	0.00100000000000000	36.4333333333333
6.78000000000000	0.00100000000000000	36.4466666666667
6.78500000000000	0.00100000000000000	36.4600000000000
6.79000000000000	0.00100000000000000	36.4733333333333
6.79500000000000	0.00100000000000000	36.4866666666667
6.80000000000000	0.00100000000000000	36.5000000000000
6.80500000000000	0.00100000000000000	36.5133333333333
6.81000000000000	0.00100000000000000	36.5266666666667
6.81500000000000	0.00100000000000000	36.5400000000000
6.82000000000000	0.00100000000000000	36.5533333333333
6.82500000000000	0.00100000000000000	36.5666666666667
6.83000000000000	0.00100000000000000	36.5800000000000
6.83500000000000	0.00100000000000000	36.5933333333333
6.84000000000000	0.00100000000000000	36.6066666666667
6.84500000000000	0.00100000000000000	36.6200000000000
6.85000000000000	0.00100000000000000	36.6333333333333
6.85500000000000	0.00100000000000000	36.6466666666667
6.86000000000000	0.00100000000000000	36.6600000000000
6.86500000000000	0.00100000000000000	36.6733333333333
6.87000000000000	0.00100000000000000	36.6866666666667
6.87500000000000	0.00100000000000000	36.7000000000000
6.88000000000000	0.00100000000000000	36.7138461538462
6.88500000000000	0.00100000000000000	36.7276923076923
6.89000000000000	0.00100000000000000	36.7415384615385
6.89500000000000	0.00100000000000000	36.7553846153846
6.90000000000000	0.00100000000000000	36.7692307692308
6.90500000000000	0.00100000000000000	36.7830769230769
6.91000000000000	0.00100000000000000	36.7969230769231
6.91500000000000	0.00100000000000000	36.8107692307692
6.92000000000000	0.00100000000000000	36.8246153846154
6.92500000000000	0.00100000000000000	36.8384615384615
6.93000000000000	0.00100000000000000	36.8523076923077
6.93500000000000	0.00100000000000000	36.8661538461539
6.94000000000000	0.00100000000000000	36.8800000000000
6.94500000000000	0.00100000000000000	36.8938461538462
6.95000000000000	0.00100000000000000	36.9076923076923
6.95500000000000	0.00100000000000000	36.9215384615385
6.96000000000000	0.00100000000000000	36.9353846153846
6.96500000000000	0.00100000000000000	36.9492307692308
6.97000000000000	0.00100000000000000	36.9630769230769
6.97500000000000	0.00100000000000000	36.9769230769231
6.98000000000000	0.00100000000000000	36.9907692307692
6.98500000000000	0.00100000000000000	37.0046153846154
6.99000000000000	0.00100000000000000	37.0184615384615
6.99500000000000	0.00100000000000000	37.0323076923077
7	                0.00100000000000000	37.0461538461539
7.00500000000000	0.00100000000000000	37.0600000000000
7.01000000000000	0.00100000000000000	37.0738461538462
7.01500000000000	0.00100000000000000	37.0876923076923
7.02000000000000	0.00100000000000000	37.1015384615385
7.02500000000000	0.00100000000000000	37.1153846153846
7.03000000000000	0.00100000000000000	37.1292307692308
7.03500000000000	0.00100000000000000	37.1430769230769
7.04000000000000	0.00100000000000000	37.1569230769231
7.04500000000000	0.00100000000000000	37.1707692307692
7.05000000000000	0.00100000000000000	37.1846153846154
7.05500000000000	0.00100000000000000	37.1984615384615
7.06000000000000	0.00100000000000000	37.2123076923077
7.06500000000000	0.00100000000000000	37.2261538461539
7.07000000000000	0.00100000000000000	37.2400000000000
7.07500000000000	0.00100000000000000	37.2538461538462
7.08000000000000	0.00100000000000000	37.2676923076923
7.08500000000000	0.00100000000000000	37.2815384615385
7.09000000000000	0.00100000000000000	37.2953846153846
7.09500000000000	0.00100000000000000	37.3092307692308
7.10000000000000	0.00100000000000000	37.3230769230769
7.10500000000000	0.00100000000000000	37.3369230769231
7.11000000000000	0.00100000000000000	37.3507692307692
7.11500000000000	0.00100000000000000	37.3646153846154
7.12000000000000	0.00100000000000000	37.3784615384615
7.12500000000000	0.00100000000000000	37.3923076923077
7.13000000000000	0.00100000000000000	37.4061538461539
7.13500000000000	0.00100000000000000	37.4200000000000
7.14000000000000	0.00100000000000000	37.4338461538462
7.14500000000000	0.00100000000000000	37.4476923076923
7.15000000000000	0.00100000000000000	37.4615384615385
7.15500000000000	0.00100000000000000	37.4753846153846
7.16000000000000	0.00100000000000000	37.4892307692308
7.16500000000000	0.00100000000000000	37.5030769230769
7.17000000000000	0.00100000000000000	37.5169230769231
7.17500000000000	0.00100000000000000	37.5307692307692
7.18000000000000	0.00100000000000000	37.5446153846154
7.18500000000000	0.00100000000000000	37.5584615384615
7.19000000000000	0.00100000000000000	37.5723076923077
7.19500000000000	0.00100000000000000	37.5861538461539
7.20000000000000	0.00100000000000000	37.6000000000000
7.20500000000000	0.00100000000000000	37.6138461538462
7.21000000000000	0.00100000000000000	37.6276923076923
7.21500000000000	0.00100000000000000	37.6415384615385
7.22000000000000	0.00100000000000000	37.6553846153846
7.22500000000000	0.00100000000000000	37.6692307692308
7.23000000000000	0.00100000000000000	37.6830769230769
7.23500000000000	0.00100000000000000	37.6969230769231
7.24000000000000	0.00100000000000000	37.7107692307692
7.24500000000000	0.00100000000000000	37.7246153846154
7.25000000000000	0.00100000000000000	37.7384615384615
7.25500000000000	0.00100000000000000	37.7523076923077
7.26000000000000	0.00100000000000000	37.7661538461539
7.26500000000000	0.00100000000000000	37.7800000000000
7.27000000000000	0.00100000000000000	37.7938461538462
7.27500000000000	0.00100000000000000	37.8076923076923
7.28000000000000	0.00100000000000000	37.8215384615385
7.28500000000000	0.00100000000000000	37.8353846153846
7.29000000000000	0.00100000000000000	37.8492307692308
7.29500000000000	0.00100000000000000	37.8630769230769
7.30000000000000	0.00100000000000000	37.8769230769231
7.30500000000000	0.00100000000000000	37.8907692307692
7.31000000000000	0.00100000000000000	37.9046153846154
7.31500000000000	0.00100000000000000	37.9184615384615
7.32000000000000	0.00100000000000000	37.9323076923077
7.32500000000000	0.00100000000000000	37.9461538461539
7.33000000000000	0.00100000000000000	37.9600000000000
7.33500000000000	0.00100000000000000	37.9738461538462
7.34000000000000	0.00100000000000000	37.9876923076923
7.34500000000000	0.00100000000000000	38.0015384615385
7.35000000000000	0.00100000000000000	38.0153846153846
7.35500000000000	0.00100000000000000	38.0292307692308
7.36000000000000	0.00100000000000000	38.0430769230769
7.36500000000000	0.00100000000000000	38.0569230769231
7.37000000000000	0.00100000000000000	38.0707692307692
7.37500000000000	0.00100000000000000	38.0846153846154
7.38000000000000	0.00100000000000000	38.0984615384615
7.38500000000000	0.00100000000000000	38.1123076923077
7.39000000000000	0.00100000000000000	38.1261538461539
7.39500000000000	0.00100000000000000	38.1400000000000
7.40000000000000	0.00100000000000000	38.1538461538462

	

