energy (eV) macroCS (cm-1)
4.300000 0.000000
4.500000 668.553983
4.700000 1337.107966
4.900000 2005.661948
5.100000 2674.215931
5.300000 3342.769914
5.500000 5014.154871
5.700000 6685.539828
5.900000 26742.159312
6.100000 93597.557591
6.300000 203908.964752
6.500000 213937.274493
6.700000 183852.345268
6.900000 127025.256731
7.100000 96940.327505
7.300000 63512.628365
7.500000 30084.929226
7.700000 26742.159312
7.900000 30084.929226
8.100000 43456.008881
8.300000 46798.778795
8.500000 33427.699140
8.700000 30084.929226
8.900000 26742.159312
9.100000 20056.619484
9.300000 16713.849570
9.500000 10028.309742
9.700000 6685.539828
9.900000 3342.769914
10.100000 3342.769914
10.300000 5014.154871
10.500000 6685.539828
10.700000 10028.309742
10.900000 13371.079656
11.100000 16713.849570
11.300000 20056.619484
11.500000 16713.849570
11.700000 10028.309742
11.900000 6685.539828
12.100000 3342.769914
12.300000 2339.938940
12.500000 1337.107966
12.700000 334.276991
12.900000 0.000000
