7.227071	
7.197424	
7.103203	
6.935746	
6.813408	
6.821251	
6.846987	
6.876349	
6.908239	
6.940050	
6.966830	
7.349766	
7.334435	
7.321377	
7.323296	
7.360780	
7.448032	
7.378385	
7.304110	
7.225694	
7.143646	
7.058465	
6.970621	
6.880543	
6.788612	
6.695159	
6.600467	
6.504776	
6.408289	
6.311175	
6.213576	
6.115611	
6.017386	
5.918991	
5.820508	
5.722019	
5.623600	
5.525335	
5.427314	
5.329637	
5.232425	
5.135816	
5.039978	
4.945113	
4.851462	
4.759316	
4.669018	
4.580970	
4.495639	
4.413549	
4.335277	
4.261436	
4.192644	
4.129486	
4.072470	
4.021964	
3.978158	
3.941022	
3.910295	
3.885504	
3.866008	
3.851061	
3.839878	
3.831703	
3.825855	
3.821751	
3.818921	
3.816999	
3.815709	
3.814854	
3.814293	
3.813926	
3.813689	
3.813536	
3.813438	
3.813375	
3.813335	
3.813309	
3.813293	
3.813283	
3.813276	
