#binding energy (eV)
10.79  13.39  16.05  32.30  539.00
#log10(E(eV)) 1b1 3a1 1b2 2a1 K (cm^-1)
0.000000 -Inf -Inf -Inf -Inf -Inf
0.100000 -Inf -Inf -Inf -Inf -Inf
0.200000 -Inf -Inf -Inf -Inf -Inf
0.300000 -Inf -Inf -Inf -Inf -Inf
0.400000 -Inf -Inf -Inf -Inf -Inf
0.500000 -Inf -Inf -Inf -Inf -Inf
0.600000 -Inf -Inf -Inf -Inf -Inf
0.700000 -Inf -Inf -Inf -Inf -Inf
0.800000 -Inf -Inf -Inf -Inf -Inf
0.900000 -Inf -Inf -Inf -Inf -Inf
1.000000 -Inf -Inf -Inf -Inf -Inf
1.100000 5.639879 -Inf -Inf -Inf -Inf
1.200000 6.084684 5.572908 -Inf -Inf -Inf
1.300000 6.302789 5.988980 5.644003 -Inf -Inf
1.400000 6.435830 6.196068 5.985263 -Inf -Inf
1.500000 6.522260 6.321370 6.163645 -Inf -Inf
1.600000 6.578220 6.401043 6.270617 5.091372 -Inf
1.700000 6.611889 6.450554 6.335805 5.438576 -Inf
1.800000 6.627934 6.477871 6.372623 5.615623 -Inf
1.900000 6.629307 6.487641 6.388289 5.719167 -Inf
2.000000 6.618072 6.482875 6.387201 5.779984 -Inf
2.100000 6.595823 6.465737 6.372335 5.811983 -Inf
2.200000 6.563899 6.437927 6.345901 5.822685 -Inf
2.300000 6.523485 6.400872 6.309660 5.816703 -Inf
2.400000 6.475663 6.355822 6.265080 5.797180 -Inf
2.500000 6.421421 6.303889 6.213421 5.766441 -Inf
2.600000 6.361662 6.246069 6.155771 5.726322 -Inf
2.700000 6.297197 6.183243 6.093070 5.678329 -Inf
2.800000 6.228746 6.116188 6.026130 5.623730 2.588312
2.900000 6.156940 6.045578 5.955643 5.563596 3.008869
3.000000 6.082323 5.971993 5.882199 5.498841 3.205080
3.100000 6.005364 5.895931 5.806296 5.430236 3.315383
3.200000 5.926462 5.817813 5.728356 5.358438 3.378111
3.300000 5.845958 5.738000 5.648733 5.283999 3.409765
3.400000 5.764141 5.656796 5.567733 5.207389 3.419064
3.500000 5.681265 5.574466 5.485614 5.129005 3.411279
3.600000 5.597549 5.491242 5.402605 5.049190 3.389957
3.700000 5.513194 5.407331 5.318910 4.968242 3.357688
3.800000 5.428383 5.322923 5.234718 4.886428 3.316492
3.900000 5.343296 5.238205 5.150212 4.803994 3.268011
4.000000 5.258112 5.153359 5.065575 4.721173 3.213625
4.100000 5.173021 5.068580 4.980998 4.638200 3.154514
4.200000 5.088228 4.984076 4.896691 4.555318 3.091707
4.300000 5.003966 4.900081 4.812886 4.472787 3.026121
4.400000 4.920500 4.816863 4.729850 4.390896 2.958587
4.500000 4.838137 4.734732 4.647893 4.309974 2.889881
4.600000 4.757237 4.654049 4.567377 4.230397 2.820751
4.700000 4.678219 4.575233 4.488720 4.152598 2.751935
4.800000 4.601568 4.498772 4.412410 4.077074 2.684183
4.900000 4.527835 4.425216 4.338999 4.004388 2.618268
5.000000 4.457635 4.355184 4.269104 3.935166 2.554998
5.100000 4.391632 4.289342 4.203394 3.870084 2.495202
5.200000 4.330519 4.228382 4.142562 3.809847 2.439719
5.300000 4.274974 4.172986 4.087291 3.755146 2.389363
5.400000 4.225611 4.123769 4.038198 3.706610 2.344869
5.500000 4.182921 4.081226 3.995780 3.664742 2.306836
5.600000 4.147210 4.045665 3.960346 3.629862 2.275661
5.700000 4.118552 4.017159 3.931971 3.602050 2.251485
5.800000 4.096760 3.995525 3.910472 3.581129 2.234167
5.900000 4.081399 3.980327 3.895414 3.566662 2.223292
6.000000 4.071825 3.970919 3.886151 3.558004 2.218212
6.100000 4.067251 3.966517 3.881895 3.554362 2.218123
6.200000 4.066831 3.966269 3.881796 3.554882 2.222150
6.300000 4.069727 3.969337 3.885014 3.558717 2.229425
6.400000 4.075170 3.974952 3.890776 3.565091 2.239149
6.500000 4.082495 3.982446 3.898416 3.573331 2.250633
6.600000 4.091155 3.991271 3.907384 3.582885 2.263311
6.700000 4.100718 4.000996 3.917247 3.593316 2.276740
6.800000 4.110856 4.011290 3.927675 3.604293 2.290582
6.900000 4.121327 4.021911 3.938426 3.615572 2.304594
7.000000 4.131956 4.032685 3.949325 3.626978 2.318601
7.100000 4.142621 4.043489 3.960248 3.638388 2.332485
7.200000 4.153238 4.054239 3.971113 3.649718 2.346166
7.300000 4.163750 4.064880 3.981863 3.660913 2.359595
7.400000 4.174121 4.075373 3.992461 3.671937 2.372740
7.500000 4.184328 4.085697 4.002885 3.682768 2.385587
7.600000 4.194356 4.095837 4.013122 3.693394 2.398130
7.700000 4.204200 4.105789 4.023165 3.703809 2.410367
7.800000 4.213856 4.115547 4.033012 3.714011 2.422305
7.900000 4.223324 4.125115 4.042664 3.724003 2.433950
8.000000 4.232607 4.134492 4.052123 3.733788 2.445310
