Number of energy bins
221
logE CS_for_five_ionization_channel CS_for_three_excitation_channels Total
1.000000 0.000000 0.000000 0.000000 0.000000 0.000000 0.000000 0.000000 0.000000 0.000000 
1.050000 0.000000 0.000000 0.000000 0.000000 0.000000 0.000000 0.000000 0.000000 0.000000 
1.100000 0.000000 0.000000 0.000000 0.000000 0.000000 0.000000 0.000000 0.000000 0.000000 
1.150000 0.000000 0.000000 0.000000 0.000000 0.031223 0.000000 0.000000 0.000000 0.031223 
1.200000 0.000000 0.000000 0.000000 0.050449 0.049618 0.000000 0.000000 0.000000 0.100067 
1.250000 0.000000 0.000000 0.000000 0.082353 0.074739 0.000000 0.000000 0.000000 0.157092 
1.300000 0.000000 0.000000 0.113003 0.118674 0.110168 0.000000 0.000000 0.000000 0.341845 
1.350000 0.000000 0.000000 0.170016 0.167410 0.159254 0.000000 0.000000 0.000000 0.496680 
1.400000 0.000000 0.000000 0.229236 0.232141 0.226011 0.000000 0.000000 0.000000 0.687389 
1.450000 0.000000 0.000000 0.303774 0.316756 0.315228 0.000000 0.000000 0.000000 0.935758 
1.500000 0.000000 0.000000 0.397061 0.425685 0.432509 0.000000 0.000000 0.000000 1.255255 
1.550000 0.000000 0.013671 0.512353 0.563910 0.584304 0.000000 0.000000 0.000000 1.674238 
1.600000 0.000000 0.020632 0.653127 0.736947 0.777913 0.000000 0.000000 0.000000 2.188619 
1.650000 0.000000 0.026797 0.823066 0.950814 1.021470 0.000000 0.000000 0.000000 2.822147 
1.700000 0.000000 0.034265 1.026024 1.211985 1.323910 0.000000 0.000000 0.000000 3.596184 
1.750000 0.000000 0.043451 1.265983 1.527336 1.694908 0.000000 0.000000 0.000000 4.531678 
1.800000 0.000000 0.054681 1.547016 1.904083 2.144809 0.000000 0.000000 0.000000 5.650590 
1.850000 0.000000 0.068319 1.873243 2.349711 2.684542 0.000000 0.000000 0.000000 6.975815 
1.900000 0.000000 0.084777 2.248798 2.871904 3.325526 0.000000 0.000000 0.000000 8.531005 
1.950000 0.000000 0.104521 2.677789 3.478483 4.079573 0.000000 0.000000 0.000000 10.340366 
2.000000 0.000000 0.128078 3.164280 4.177340 4.958793 0.000000 0.000000 0.000000 12.428491 
2.050000 0.000000 0.156037 3.712265 4.976391 5.975514 0.000000 0.000000 0.000000 14.820207 
2.100000 0.000000 0.189061 4.325660 5.883535 7.142205 0.000000 0.000000 0.000000 17.540460 
2.150000 0.000000 0.227889 5.008301 6.906628 8.471424 0.000000 0.000000 0.000000 20.614241 
2.200000 0.000000 0.273346 5.763951 8.053480 9.975788 0.000000 0.000000 0.000000 24.066565 
2.250000 0.000000 0.326353 6.596317 9.331859 11.667967 0.000000 0.000000 0.000000 27.922496 
2.300000 0.000000 0.387934 7.509076 10.749524 13.560702 0.000000 0.000000 0.000000 32.207236 
2.350000 0.000000 0.459229 8.505910 12.314267 15.666861 0.000000 0.000000 0.000000 36.946267 
2.400000 0.000000 0.541502 9.590549 14.033985 17.999515 0.000000 0.000000 0.000000 42.165551 
2.450000 0.000000 0.636161 10.766824 15.916755 20.572048 0.000000 0.000000 0.000000 47.891788 
2.500000 0.000000 0.744768 12.038725 17.970941 23.398302 0.000000 0.000000 0.000000 54.152736 
2.550000 0.000000 0.869059 13.410467 20.205311 26.492739 0.000000 0.000000 0.000000 60.977575 
2.600000 0.000000 1.010964 14.886563 22.629166 29.870642 0.000000 0.000000 0.000000 68.397334 
2.650000 0.000000 1.172629 16.471906 25.252493 33.548337 0.000000 0.000000 0.000000 76.445364 
2.700000 0.000000 1.356443 18.171852 28.086129 37.543444 0.000000 0.000000 0.000000 85.157868 
2.750000 0.000299 1.565069 19.992316 31.141939 41.875152 0.000000 0.000000 0.000000 94.574775 
2.800000 0.000665 1.801476 21.939867 34.433006 46.564520 0.000000 0.000000 0.000000 104.739533 
2.850000 0.000772 2.068982 24.021839 37.973844 51.634799 0.000000 0.000000 0.000000 115.700235 
2.900000 0.000869 2.371300 26.246441 41.780615 57.111779 0.000000 0.000000 0.000000 127.511004 
2.950000 0.000976 2.712592 28.622879 45.871368 63.024161 0.000000 0.000000 0.000000 140.231977 
3.000000 0.001096 3.097535 31.161486 50.266288 69.403938 0.000000 0.000000 0.000000 153.930343 
3.050000 0.001230 3.531391 33.873856 54.987957 76.286806 0.000000 0.000000 0.000000 168.681240 
3.100000 0.001380 4.020100 36.772992 60.061629 83.712572 0.000000 0.000000 0.000000 184.568672 
3.150000 0.001546 4.570378 39.873457 65.515512 91.725577 0.000000 0.000000 0.000000 201.686469 
3.200000 0.001732 5.189842 43.191534 71.381050 100.375099 0.000000 0.000000 0.000000 220.139257 
3.250000 0.001939 5.887152 46.745388 77.693206 109.715739 0.000000 0.000000 0.000000 240.043424 
3.300000 0.002169 6.672180 50.555229 84.490724 119.807745 0.000000 0.000000 0.000000 261.528047 
3.350000 0.002426 7.556210 54.643479 91.816356 130.717254 0.000000 0.000000 0.000000 284.735725 
3.400000 0.002711 8.552178 59.034914 99.717040 142.516396 0.000000 0.000000 0.000000 309.823239 
3.450000 0.003028 9.674945 63.756795 108.243984 155.283199 0.000000 0.000000 0.000000 336.961951 
3.500000 0.003381 10.941629 68.838956 117.452620 169.101201 0.000000 0.000000 0.000000 366.337787 
3.550000 0.003773 12.371982 74.313838 127.402370 184.058669 0.000000 0.000000 0.000000 398.150633 
3.600000 0.004209 13.988835 80.216432 138.156145 200.247276 8.037503 0.000000 0.000000 440.650401 
3.650000 0.004693 15.818586 86.584107 149.779491 217.760069 30.225358 0.000000 0.000000 500.172305 
3.700000 0.005231 17.891756 93.456261 162.339260 236.688521 47.492361 10.705956 0.000000 568.579345 
3.750000 0.005828 20.243559 100.873750 175.901664 257.118446 60.646389 22.367409 0.000000 637.157046 
3.800000 0.006491 22.914476 108.878012 190.529566 279.124540 70.377803 31.365921 0.000000 703.196809 
3.850000 0.007227 25.950738 117.509802 206.278828 302.763325 77.275451 38.142763 0.000000 767.928134 
3.900000 0.008044 29.404593 126.807447 223.193566 328.064377 81.840589 43.074728 0.000000 832.393343 
3.950000 0.008951 33.334179 136.804508 241.300190 355.019833 84.498959 46.482928 0.000000 897.449548 
4.000000 0.009958 37.802688 147.526764 260.600208 383.572453 85.611294 48.640453 86.272165 1050.035983 
4.050000 0.011077 42.876431 158.988443 281.061918 413.602870 85.482416 49.779018 231.788906 1263.591079 
4.100000 0.012319 48.621288 171.187700 302.611369 444.917171 84.369135 50.094730 344.636079 1446.449791 
4.150000 0.013698 55.096995 184.101427 325.123286 477.236489 82.487081 49.753095 430.198353 1604.010423 
4.200000 0.015231 62.348814 197.679654 348.413062 510.190753 80.016630 48.893351 493.075604 1740.633099 
4.250000 0.016936 70.396587 211.839980 372.231264 543.318963 77.108016 47.632229 537.189925 1859.733901 
4.300000 0.018831 79.221990 226.462749 396.262344 576.077918 73.885758 46.067196 565.878641 1963.875427 
4.350000 0.020941 88.756130 241.387863 420.129079 607.860131 70.452473 44.279268 581.975115 2054.861001 
4.400000 0.023291 98.871041 256.414303 443.403613 638.019613 66.892168 42.335435 587.878885 2133.838348 
4.450000 0.025909 109.379263 271.303254 465.624617 665.901752 63.273076 40.290751 585.616515 2201.415138 
4.500000 0.028831 120.044437 285.785347 486.318407 690.871679 59.650089 38.190142 576.894338 2257.783269 
4.550000 0.032093 130.602139 299.571635 505.020224 712.335521 56.066857 36.069953 563.144139 2302.842561 
4.600000 0.035741 140.785291 312.366860 521.291442 729.751743 52.557583 33.959286 545.562686 2336.310632 
4.650000 0.039823 150.345601 323.882614 534.729770 742.634842 49.148560 31.881147 525.145919 2357.808276 
4.700000 0.044398 159.064535 333.847724 544.972848 750.559039 45.859486 29.853424 502.718471 2366.919926 
4.750000 0.049533 166.753414 342.014132 551.699685 753.172115 42.704591 27.889729 478.959149 2363.242348 
4.800000 0.055306 173.248255 348.158652 554.637158 750.226757 39.693592 26.000118 454.422902 2346.442739 
4.850000 0.061804 178.406553 352.083574 553.578162 741.628744 36.832504 24.191703 429.559728 2316.342771 
4.900000 0.069133 182.110119 353.620721 548.413235 727.490857 34.124333 22.469172 404.730941 2273.028510 
4.950000 0.077410 184.273481 352.643103 539.170077 708.173456 31.569658 20.835234 380.223135 2216.965554 
5.000000 0.086773 184.854233 349.085159 526.048522 684.291610 29.167123 19.290994 356.260165 2149.084579 
5.050000 0.097379 183.861236 342.967909 509.435758 656.676365 26.913853 17.836266 333.013400 2070.802167 
5.100000 0.109406 181.357870 334.421002 489.890081 626.292056 24.805799 16.469846 310.610495 1983.956555 
5.150000 0.123052 177.459346 323.692025 468.090625 594.127044 22.838025 15.189733 289.142870 1890.662719 
5.200000 0.138536 172.324658 311.135757 444.762157 561.085170 21.004954 13.993316 268.672081 1793.116629 
5.250000 0.156090 166.144712 297.181945 420.593162 527.905097 19.300562 12.877532 249.235233 1693.394334 
5.300000 0.175950 159.128576 282.287539 396.168045 495.124418 17.718542 11.838995 230.849576 1593.291641 
5.350000 0.198338 151.489771 266.885035 371.929089 463.089773 16.252437 10.874099 213.516376 1494.234918 
5.400000 0.223437 143.434140 251.340093 348.173106 431.999961 14.895746 9.979113 197.224194 1397.269791 
5.450000 0.251355 135.150330 235.928171 325.076382 401.961891 13.642014 9.150242 181.951633 1303.112018 
5.500000 0.282080 126.803367 220.833079 302.734204 373.040659 12.484894 8.383693 167.669637 1212.231613 
5.550000 0.315437 118.531273 206.163236 281.200250 345.292646 11.418201 7.675715 154.343412 1124.940170 
5.600000 0.351046 110.444347 191.976833 260.515511 318.779541 10.435954 7.022636 141.934015 1041.459883 
5.650000 0.388308 102.626471 178.306651 240.723067 293.567733 9.532405 6.420889 130.399673 961.965198 
5.700000 0.426428 95.137801 165.178091 221.870669 269.720078 8.702053 5.867035 119.696853 886.599009 
5.750000 0.464473 88.018185 152.618217 204.005956 247.286235 7.939667 5.357775 109.781143 815.471652 
5.800000 0.501464 81.290827 140.657151 187.169264 226.295446 7.240287 4.889961 100.607956 748.652356 
5.850000 0.536465 74.965810 129.324904 171.387487 206.753160 6.599226 4.460603 92.133095 686.160751 
5.900000 0.568640 69.043265 118.646771 156.670593 188.641273 6.012074 4.066871 84.313193 627.962679 
5.950000 0.597274 63.516054 108.639451 143.010955 171.920915 5.474689 3.706095 77.106057 573.971490 
6.000000 0.621758 58.371958 99.308882 130.384859 156.536628 4.983192 3.375765 70.470927 524.053969 
6.050000 0.641566 53.595388 90.649852 118.755310 142.420927 4.533960 3.073527 64.368658 478.039187 
6.100000 0.656261 49.168672 82.646985 108.075347 129.498611 4.123616 2.797179 58.761856 435.728527 
6.150000 0.665508 45.073013 75.276538 98.291315 117.690455 3.749015 2.544667 53.614960 396.905470 
6.200000 0.669115 41.289166 68.508506 89.345742 106.916163 3.407239 2.314074 48.894281 361.344286 
6.250000 0.667062 37.797917 62.308693 81.179697 97.096573 3.095580 2.103622 44.568021 328.817166 
6.300000 0.659522 34.580403 56.640534 73.734593 88.155227 2.811532 1.911658 40.606254 299.099723 
6.350000 0.646856 31.618331 51.466574 66.953484 80.019389 2.552778 1.736652 36.980901 271.974965 
6.400000 0.629592 28.894117 46.749607 60.781944 72.620658 2.317176 1.577187 33.665680 247.235960 
6.450000 0.608385 26.390971 42.453494 55.168608 65.895260 2.102754 1.431953 30.636044 224.687469 
6.500000 0.583971 24.092944 38.543706 50.065459 59.784127 1.907694 1.299743 27.869120 204.146765 
6.550000 0.557115 21.984951 34.987670 45.427934 54.232815 1.730321 1.179443 25.343630 185.443878 
6.600000 0.528565 20.052773 31.754942 41.214892 49.191323 1.569098 1.070027 23.039819 168.421440 
6.650000 0.499018 18.283052 28.817270 37.388511 44.613859 1.422612 0.970553 20.939373 152.934248 
6.700000 0.469089 16.663264 26.148580 33.914123 40.458568 1.289566 0.880153 19.025339 138.848682 
6.750000 0.439300 15.181702 23.724902 30.760019 36.687244 1.168772 0.798031 17.282046 126.042017 
6.800000 0.410075 13.827441 21.524264 27.897246 33.265055 1.059140 0.723459 15.695028 114.401708 
6.850000 0.381739 12.590306 19.526574 25.299395 30.160262 0.959673 0.655765 14.250946 103.824659 
6.900000 0.354530 11.460837 17.713483 22.942400 27.343964 0.869458 0.594338 12.937512 94.216522 
6.950000 0.328612 10.430253 16.068259 20.804340 24.789846 0.787662 0.538616 11.743424 85.491012 
7.000000 0.304083 9.490415 14.575651 18.865259 22.473963 0.713522 0.488086 10.658290 77.569268 
7.050000 0.280992 8.633787 13.221769 17.106991 20.374522 0.646343 0.442280 9.672567 70.379252 
7.100000 0.259350 7.853407 11.993968 15.513005 18.471696 0.585489 0.400769 8.777503 63.855186 
7.150000 0.239137 7.142842 10.880737 14.068260 16.747444 0.530382 0.363162 7.965068 57.937033 
7.200000 0.220317 6.496161 9.871602 12.759071 15.185358 0.480492 0.329102 7.227912 52.570016 
7.250000 0.202836 5.907900 8.957033 11.572988 13.770509 0.435340 0.298264 6.559304 47.704173 
7.300000 0.186633 5.373028 8.128356 10.498685 12.489323 0.394486 0.270351 5.953086 43.293949 
7.350000 0.171643 4.886919 7.377685 9.525864 11.329452 0.357532 0.245094 5.403631 39.297820 
7.400000 0.157797 4.445326 6.697843 8.645156 10.279670 0.324115 0.222246 4.905796 35.677949 
7.450000 0.145026 4.044346 6.082304 7.848043 9.329769 0.293904 0.201584 4.454889 32.399865 
7.500000 0.133263 3.680401 5.525132 7.126779 8.470472 0.266600 0.182903 4.046625 29.432176 
7.550000 0.122441 3.350214 5.020931 6.474325 7.693346 0.241930 0.166019 3.677097 26.746302 
7.600000 0.112496 3.050779 4.564792 5.884280 6.990727 0.219647 0.150763 3.342745 24.316229 
7.650000 0.103366 2.779350 4.152256 5.350830 6.355654 0.199524 0.136983 3.040326 22.118290 
7.700000 0.094995 2.533412 3.779268 4.868691 5.781805 0.181358 0.124539 2.766884 20.130952 
7.750000 0.087327 2.310668 3.442144 4.433063 5.263435 0.164963 0.113306 2.519732 18.334638 
7.800000 0.080309 2.109020 3.137536 4.039589 4.795334 0.150172 0.103168 2.296424 16.711551 
7.850000 0.073892 1.926551 2.862405 3.684310 4.372767 0.136832 0.094023 2.094735 15.245515 
7.900000 0.068031 1.761514 2.613989 3.363636 3.991443 0.124804 0.085775 1.912643 13.921836 
7.950000 0.062683 1.612315 2.389783 3.074306 3.647465 0.113964 0.078340 1.748313 12.727169 
8.000000 0.057807 1.477503 2.187510 2.813363 3.337300 0.104198 0.071640 1.600075 11.649395 
8.050000 0.053366 1.355753 2.005108 2.578125 3.057745 0.095403 0.065604 1.466416 10.677519 
8.100000 0.049325 1.245861 1.840702 2.366160 2.805897 0.087486 0.060170 1.345959 9.801559 
8.150000 0.045651 1.146732 1.692594 2.175262 2.579123 0.080362 0.055280 1.237460 9.012465 
8.200000 0.042315 1.057368 1.559246 2.003434 2.375041 0.073957 0.050882 1.139786 8.302028 
8.250000 0.039289 0.976863 1.439259 1.848866 2.191489 0.068200 0.046928 1.051912 7.662806 
8.300000 0.036547 0.904392 1.331370 1.709917 2.026514 0.063029 0.043376 0.972910 7.088055 
8.350000 0.034066 0.839208 1.234431 1.585101 1.878343 0.058388 0.040188 0.901937 6.571663 
8.400000 0.031823 0.780631 1.147405 1.473075 1.745375 0.054226 0.037328 0.838231 6.108092 
8.450000 0.029798 0.728042 1.069350 1.372619 1.626158 0.050497 0.034765 0.781100 5.692327 
8.500000 0.027972 0.680881 0.999414 1.282631 1.519378 0.047158 0.032471 0.729918 5.319824 
8.550000 0.026330 0.638640 0.936824 1.202112 1.423847 0.044173 0.030419 0.684120 4.986465 
8.600000 0.024854 0.600855 0.880882 1.130158 1.338488 0.041507 0.028586 0.643191 4.688522 
8.650000 0.023530 0.567108 0.830953 1.065949 1.262326 0.039130 0.026951 0.606665 4.422612 
8.700000 0.022345 0.537015 0.786461 1.008742 1.194477 0.037013 0.025496 0.574122 4.185670 
8.750000 0.021286 0.510230 0.746884 0.957864 1.134139 0.035131 0.024201 0.545176 3.974912 
8.800000 0.020342 0.486438 0.711749 0.912700 1.080585 0.033462 0.023053 0.519482 3.787811 
8.850000 0.019504 0.465349 0.680624 0.872697 1.033152 0.031984 0.022036 0.496722 3.622068 
8.900000 0.018760 0.446703 0.653115 0.837347 0.991241 0.030678 0.021138 0.476610 3.475591 
8.950000 0.018102 0.430259 0.628867 0.806188 0.954302 0.029527 0.020346 0.458881 3.346473 
9.000000 0.017523 0.415798 0.607550 0.778801 0.921835 0.028517 0.019651 0.443298 3.232973 
9.050000 0.017014 0.403119 0.588868 0.754799 0.893385 0.027631 0.019042 0.429642 3.133499 
9.100000 0.016568 0.392039 0.572546 0.733833 0.868533 0.026857 0.018509 0.417711 3.046596 
9.150000 0.016179 0.382389 0.558335 0.715579 0.846897 0.026184 0.018046 0.407324 2.970934 
9.200000 0.015841 0.374015 0.546006 0.699743 0.828128 0.025600 0.017644 0.398314 2.905291 
9.250000 0.015549 0.366775 0.535350 0.686056 0.811907 0.025096 0.017297 0.390525 2.848554 
9.300000 0.015296 0.360540 0.526174 0.674272 0.797941 0.024662 0.016998 0.383819 2.799701 
9.350000 0.015080 0.355191 0.518304 0.664165 0.785964 0.024289 0.016742 0.378069 2.757804 
9.400000 0.014895 0.350622 0.511582 0.655533 0.775734 0.023971 0.016523 0.373156 2.722016 
9.450000 0.014737 0.346735 0.505864 0.648189 0.767031 0.023700 0.016337 0.368977 2.691571 
9.500000 0.014603 0.343441 0.501018 0.641967 0.759658 0.023471 0.016179 0.365437 2.665775 
9.550000 0.014491 0.340661 0.496930 0.636717 0.753437 0.023278 0.016046 0.362449 2.644008 
9.600000 0.014396 0.338324 0.493493 0.632304 0.748208 0.023115 0.015934 0.359938 2.625712 
9.650000 0.014316 0.336367 0.490616 0.628610 0.743830 0.022979 0.015840 0.357836 2.610395 
9.700000 0.014250 0.334735 0.488216 0.625529 0.740179 0.022866 0.015762 0.356082 2.597619 
9.750000 0.014195 0.333379 0.486222 0.622968 0.737145 0.022771 0.015697 0.354625 2.587003 
9.800000 0.014149 0.332256 0.484571 0.620848 0.734632 0.022693 0.015644 0.353419 2.578211 
9.850000 0.014111 0.331329 0.483208 0.619098 0.732558 0.022629 0.015599 0.352423 2.570955 
9.900000 0.014080 0.330566 0.482086 0.617658 0.730852 0.022576 0.015563 0.351603 2.564985 
9.950000 0.014055 0.329941 0.481167 0.616477 0.729453 0.022532 0.015533 0.350931 2.560089 
10.000000 0.014034 0.329429 0.480414 0.615511 0.728308 0.022497 0.015508 0.350382 2.556083 
10.050000 0.014017 0.329011 0.479800 0.614723 0.727375 0.022468 0.015488 0.349933 2.552816 
10.100000 0.014003 0.328672 0.479301 0.614082 0.726615 0.022444 0.015472 0.349568 2.550156 
10.150000 0.013992 0.328396 0.478895 0.613561 0.725997 0.022425 0.015459 0.349272 2.547997 
10.200000 0.013983 0.328172 0.478567 0.613139 0.725497 0.022409 0.015448 0.349032 2.546247 
10.250000 0.013976 0.327991 0.478301 0.612797 0.725093 0.022397 0.015439 0.348837 2.544831 
10.300000 0.013970 0.327845 0.478086 0.612522 0.724766 0.022387 0.015432 0.348680 2.543688 
10.350000 0.013965 0.327728 0.477913 0.612300 0.724503 0.022379 0.015427 0.348554 2.542767 
10.400000 0.013961 0.327633 0.477774 0.612121 0.724291 0.022372 0.015422 0.348452 2.542026 
10.450000 0.013958 0.327557 0.477662 0.611977 0.724121 0.022367 0.015419 0.348370 2.541430 
10.500000 0.013955 0.327496 0.477572 0.611862 0.723984 0.022362 0.015416 0.348305 2.540951 
10.550000 0.013953 0.327446 0.477500 0.611769 0.723874 0.022359 0.015413 0.348252 2.540567 
10.600000 0.013952 0.327407 0.477442 0.611695 0.723786 0.022356 0.015412 0.348210 2.540260 
10.650000 0.013950 0.327376 0.477396 0.611635 0.723716 0.022354 0.015410 0.348176 2.540014 
10.700000 0.013949 0.327351 0.477359 0.611588 0.723660 0.022352 0.015409 0.348149 2.539817 
10.750000 0.013949 0.327330 0.477329 0.611550 0.723615 0.022351 0.015408 0.348127 2.539659 
10.800000 0.013948 0.327314 0.477306 0.611520 0.723579 0.022350 0.015407 0.348110 2.539534 
10.850000 0.013947 0.327302 0.477287 0.611495 0.723550 0.022349 0.015406 0.348096 2.539433 
10.900000 0.013947 0.327291 0.477272 0.611476 0.723527 0.022348 0.015406 0.348085 2.539353 
10.950000 0.013947 0.327283 0.477260 0.611461 0.723509 0.022348 0.015406 0.348077 2.539289 
11.000000 0.013946 0.327277 0.477250 0.611448 0.723495 0.022347 0.015405 0.348070 2.539239 
11.050000 0.013946 0.327271 0.477243 0.611439 0.723483 0.022347 0.015405 0.348064 2.539198 
11.100000 0.013946 0.327267 0.477236 0.611431 0.723474 0.022347 0.015405 0.348060 2.539166 
11.150000 0.013946 0.327264 0.477232 0.611425 0.723466 0.022346 0.015405 0.348056 2.539140 
11.200000 0.013946 0.327261 0.477228 0.611420 0.723461 0.022346 0.015405 0.348053 2.539119 
11.250000 0.013946 0.327259 0.477225 0.611416 0.723456 0.022346 0.015404 0.348051 2.539103 
11.300000 0.013946 0.327258 0.477222 0.611413 0.723452 0.022346 0.015404 0.348049 2.539090 
11.350000 0.013946 0.327256 0.477220 0.611410 0.723449 0.022346 0.015404 0.348048 2.539080 
11.400000 0.013946 0.327255 0.477219 0.611408 0.723447 0.022346 0.015404 0.348047 2.539072 
11.450000 0.013946 0.327255 0.477218 0.611407 0.723445 0.022346 0.015404 0.348046 2.539065 
11.500000 0.013946 0.327254 0.477217 0.611405 0.723444 0.022346 0.015404 0.348045 2.539060 
11.550000 0.013945 0.327253 0.477216 0.611404 0.723442 0.022346 0.015404 0.348045 2.539056 
11.600000 0.013945 0.327253 0.477215 0.611404 0.723441 0.022346 0.015404 0.348044 2.539053 
11.650000 0.013945 0.327253 0.477215 0.611403 0.723441 0.022346 0.015404 0.348044 2.539050 
11.700000 0.013945 0.327252 0.477214 0.611402 0.723440 0.022346 0.015404 0.348044 2.539048 
11.750000 0.013945 0.327252 0.477214 0.611402 0.723440 0.022346 0.015404 0.348043 2.539046 
11.800000 0.013945 0.327252 0.477214 0.611402 0.723439 0.022345 0.015404 0.348043 2.539045 
11.850000 0.013945 0.327252 0.477214 0.611402 0.723439 0.022345 0.015404 0.348043 2.539044 
11.900000 0.013945 0.327252 0.477213 0.611401 0.723439 0.022345 0.015404 0.348043 2.539043 
11.950000 0.013945 0.327252 0.477213 0.611401 0.723439 0.022345 0.015404 0.348043 2.539042 
12.000000 0.013945 0.327252 0.477213 0.611401 0.723438 0.022345 0.015404 0.348043 2.539042 
