Number of possible reactions:
10
Interactions: idx of reaction, number of reactants, particle types, number of new particles, particle types, kobs (M-1S-1), Radii_React(nm), ProbReact
0 2 2 0 2 5 4 2.65e10 0.294271563924938 1
1 2 2 1 0 1.44e10 0.194171641101954 1
2 2 2 2 1 4 1.20e10 0.113266790642806 1
3 2 4 1 1 2 4.17e7 0.00072505649536481 1
4 2 6 0 2 5 1 1.41e10 0.258783153621412 1 
5 2 3 0 1 2 2.11e10 0.200593584867416 1 
6 2 3 5 0 14.3e10 1.349762588493443 1 
7 2 1 0 1 5 2.95e10 0.506268230903453 1
8 2 1 1 1 6 0.44e10 0.103827891422573 1
9 2 0 0 3 5 5 4 0.50e10 0.067420708715956 1 



