   -9.223263    1.829771  -26.701766
   -3.027003    8.902465  -24.868433
    6.196260    7.072694  -23.035099
    9.223263   -1.829771  -21.201766
    3.027003   -8.902465  -19.368433
   -6.196260   -7.072694  -17.535099
   -9.223263    1.829771  -15.701766
   -3.027003    8.902465  -13.868433
    6.196260    7.072694  -12.035099
    9.223263   -1.829771  -10.201766
    3.027003   -8.902465   -8.368432
   -6.196260   -7.072694   -6.535099
   -9.223263    1.829771   -4.701766
   -3.027003    8.902465   -2.868432
    6.196260    7.072694   -1.035099
    9.223263   -1.829771    0.798234
    3.027003   -8.902465    2.631568
   -6.196260   -7.072694    4.464901
   -9.223263    1.829771    6.298234
   -3.027003    8.902465    8.131567
    6.196260    7.072694    9.964901
    9.223263   -1.829771   11.798234
    3.027003   -8.902465   13.631567
   -6.196260   -7.072694   15.464901
   -9.223263    1.829771   17.298234
   -3.027003    8.902465   19.131567
    6.196260    7.072694   20.964901
    9.223263   -1.829771   22.798234
    3.027003   -8.902465   24.631567
   -6.196260   -7.072694   26.464901